# timestamp(s) tx ty tz qx qy qz qw Pr11 Pr12 Pr13 Pr22 Pr23 Pr33 Pt11 Pt12 Pt13 Pt22 Pt23 Pt33
1403715893.38406 0.000037 -0.001025 -0.002712 0.824435 -0.030588 0.563468 0.043294 0.0003719830 -0.0000343959 0.0003365972 0.0012387511 0.0000133367 0.0011096048 0.0016709966 -0.0000000000 -0.0000001982 0.0016709971 0.0000011856 0.0002546829
1403715893.43406 0.000989 -0.001000 -0.002191 0.823708 -0.030692 0.564554 0.042908 0.0004217026 -0.0000336074 0.0003347191 0.0012903169 0.0000129320 0.0011628220 0.0024170512 -0.0000000001 -0.0000017378 0.0024170524 0.0000013848 0.0003130913
1403715893.48406 0.001862 -0.000720 0.000493 0.820243 -0.030315 0.569713 0.041343 0.0004699292 -0.0000311876 0.0003255869 0.0013470086 0.0000115648 0.0012273983 0.0034066815 -0.0000000003 -0.0000037482 0.0034066837 0.0000011050 0.0003787054
1403715893.53406 0.002969 0.000302 0.004305 0.815076 -0.030174 0.577273 0.038682 0.0005196277 -0.0000266159 0.0003118058 0.0014088196 0.0000093332 0.0013003450 0.0046883850 -0.0000000011 -0.0000069465 0.0046883884 -0.0000010423 0.0004519546
1403715893.58406 0.004825 0.001816 0.009130 0.810292 -0.030394 0.584102 0.036454 0.0005758044 -0.0000223432 0.0002988696 0.0014755561 0.0000074423 0.0013768072 0.0063189283 -0.0000000034 -0.0000130895 0.0063189326 -0.0000053202 0.0005333146
1403715893.63406 0.006367 0.004164 0.014599 0.806020 -0.031599 0.590094 0.033490 0.0006384928 -0.0000158709 0.0002872943 0.0015473220 0.0000050752 0.0014566082 0.0083596812 -0.0000000064 -0.0000199389 0.0083596840 -0.0000135805 0.0006232867
1403715893.68406 0.007478 0.006990 0.019914 0.804237 -0.032204 0.592617 0.031157 0.0007113067 -0.0000113266 0.0002824472 0.0016239381 0.0000036190 0.0015363268 0.0108744368 -0.0000000088 -0.0000267875 0.0108744325 -0.0000259071 0.0007224104
1403715893.73406 0.008362 0.009728 0.026005 0.803753 -0.033326 0.593321 0.028995 0.0007916964 -0.0000066192 0.0002812586 0.0017055012 0.0000022202 0.0016184766 0.0139454575 -0.0000000107 -0.0000339871 0.0139454345 -0.0000409543 0.0008312561
1403715893.78406 0.008589 0.012707 0.032888 0.804331 -0.033497 0.592535 0.028844 0.0008791126 -0.0000062208 0.0002829039 0.0017919734 0.0000021852 0.0017036801 0.0176578312 -0.0000000051 -0.0000391287 0.0176577788 -0.0000605124 0.0009504349
1403715893.83406 0.008540 0.016251 0.039864 0.806964 -0.032323 0.588926 0.030493 0.0009755296 -0.0000103876 0.0002900650 0.0018833647 0.0000036440 0.0017900159 0.0220971873 0.0000000202 -0.0000431579 0.0220970684 -0.0000871908 0.0010806298
1403715893.88406 0.008004 0.019988 0.046841 0.810805 -0.032890 0.583594 0.030514 0.0010796848 -0.0000102573 0.0003006904 0.0019798405 0.0000038024 0.0018786332 0.0273616906 0.0000000695 -0.0000441495 0.0273614604 -0.0001201821 0.0012225223
1403715893.93406 -0.071062 0.064233 0.058404 0.806835 -0.031946 0.588859 0.035245 0.0003517485 -0.0000051115 0.0001651241 0.0008354325 -0.0000771044 0.0009287984 0.0159161859 -0.0010928263 -0.0011173238 0.0121484540 -0.0002476451 0.0010522354
1403715893.98406 -0.101327 0.119582 0.087861 0.807614 -0.026305 0.587654 0.041597 0.0002183327 0.0000015814 0.0000475645 0.0005640510 -0.0000572654 0.0003908627 0.0115109918 -0.0010002280 -0.0004649769 0.0051786757 0.0000414654 0.0003800697
1403715894.03406 -0.138730 0.089008 0.108271 0.810244 -0.029578 0.584173 0.037040 0.0000939723 -0.0000184865 0.0000230420 0.0003085224 -0.0000282146 0.0001517875 0.0072432064 -0.0007793754 -0.0001894022 0.0024777732 0.0000736506 0.0002865061
1403715894.08406 -0.152891 0.101346 0.118011 0.814694 -0.029611 0.577894 0.037887 0.0001012067 -0.0000174930 0.0000228597 0.0003169340 -0.0000327498 0.0001601703 0.0087539132 -0.0009455765 -0.0001786778 0.0030425879 0.0001061319 0.0003175402
1403715894.13406 -0.162613 0.125639 0.128457 0.816355 -0.028579 0.575271 0.042560 0.0000774647 -0.0000216617 0.0000350455 0.0000177740 -0.0000074491 0.0001099696 0.0009474853 -0.0000487125 0.0000334714 0.0027658130 0.0001654162 0.0003219083
1403715894.18406 -0.120994 0.124363 0.168153 0.816922 -0.024253 0.574379 0.046262 0.0000327579 -0.0000064656 0.0000135922 0.0000058997 -0.0000021234 0.0000065737 0.0002896312 -0.0002398436 -0.0000477608 0.0007901311 0.0000985526 0.0001725824
1403715894.23406 -0.129372 0.152276 0.185260 0.813535 -0.021163 0.578708 0.053004 0.0000200740 -0.0000042176 0.0000077165 0.0000049620 -0.0000012130 0.0000036657 0.0002485897 -0.0001645965 -0.0000026572 0.0004880751 0.0000629044 0.0001279292
1403715894.28406 -0.135585 0.168418 0.204096 0.810138 -0.016899 0.582962 0.059556 0.0000106448 -0.0000016933 0.0000039332 0.0000026999 -0.0000004549 0.0000020768 0.0001462157 -0.0000815425 -0.0000036047 0.0002801341 0.0000452044 0.0000937051
1403715894.33406 -0.146003 0.182061 0.226185 0.808045 -0.013610 0.585420 0.064507 0.0000071002 -0.0000009958 0.0000024660 0.0000027060 -0.0000001691 0.0000015149 0.0001527447 -0.0000569098 -0.0000043512 0.0002063323 0.0000448537 0.0001019728
1403715894.38406 -0.119891 0.164765 0.246821 0.807157 -0.009993 0.586526 0.066217 0.0000041487 -0.0000003172 0.0000014725 0.0000012153 -0.0000001361 0.0000010648 0.0000599420 -0.0000220440 -0.0000088719 0.0001230296 0.0000266268 0.0000694160
1403715894.43406 -0.113893 0.156159 0.252218 0.806805 -0.009027 0.586935 0.067016 0.0000031200 -0.0000001162 0.0000010973 0.0000007833 -0.0000000659 0.0000009033 0.0000388657 -0.0000083635 -0.0000119240 0.0000787458 0.0000217728 0.0000658229
1403715894.48406 -0.114874 0.166941 0.253386 0.807997 -0.010243 0.585302 0.066768 0.0000026705 -0.0000000389 0.0000009180 0.0000008038 -0.0000000655 0.0000008474 0.0000331630 -0.0000064413 -0.0000101517 0.0000579311 0.0000222668 0.0000666107
1403715894.53406 -0.114031 0.183872 0.257763 0.810238 -0.012461 0.582356 0.064960 0.0000027740 -0.0000000367 0.0000009350 0.0000006689 -0.0000000730 0.0000008738 0.0000298164 -0.0000069164 -0.0000121113 0.0000600916 0.0000235769 0.0000652128
1403715894.58406 -0.111332 0.202717 0.259138 0.811939 -0.014304 0.580031 0.064143 0.0000028387 -0.0000000201 0.0000009469 0.0000007169 -0.0000000756 0.0000009023 0.0000281759 -0.0000065893 -0.0000101058 0.0000629586 0.0000262370 0.0000659103
1403715894.63406 -0.108008 0.221024 0.261088 0.813307 -0.016153 0.578253 0.062396 0.0000029037 -0.0000000200 0.0000009536 0.0000007721 -0.0000000777 0.0000009006 0.0000267574 -0.0000058335 -0.0000082356 0.0000659494 0.0000280153 0.0000672168
1403715894.68406 -0.105061 0.241139 0.263497 0.814895 -0.018943 0.576294 0.058928 0.0000029537 -0.0000000272 0.0000009540 0.0000008205 -0.0000000717 0.0000008884 0.0000259426 -0.0000043651 -0.0000062289 0.0000672329 0.0000276647 0.0000659443
1403715894.73406 -0.102115 0.262667 0.269112 0.814705 -0.021214 0.576793 0.055819 0.0000030171 -0.0000000350 0.0000009574 0.0000008680 -0.0000000737 0.0000008904 0.0000256350 -0.0000026992 -0.0000044845 0.0000676313 0.0000255811 0.0000630232
1403715894.78406 -0.099537 0.287770 0.277555 0.813508 -0.023822 0.578702 0.052349 0.0000030404 -0.0000000449 0.0000009651 0.0000009206 -0.0000000771 0.0000009051 0.0000254384 -0.0000018336 -0.0000029725 0.0000694701 0.0000250565 0.0000613040
1403715894.83406 -0.095653 0.310875 0.284322 0.811489 -0.025589 0.581697 0.049585 0.0000031162 -0.0000000421 0.0000009779 0.0000009799 -0.0000000878 0.0000009301 0.0000253367 -0.0000002670 -0.0000012225 0.0000723381 0.0000246574 0.0000601177
1403715894.88406 -0.091068 0.339220 0.295868 0.809254 -0.026585 0.584896 0.047935 0.0000031816 -0.0000000513 0.0000010057 0.0000010328 -0.0000001028 0.0000009603 0.0000256698 0.0000004270 -0.0000006174 0.0000757202 0.0000242628 0.0000593011
1403715894.93406 -0.086299 0.363351 0.305702 0.807150 -0.026872 0.587834 0.047313 0.0000032565 -0.0000000473 0.0000010106 0.0000010822 -0.0000001140 0.0000009678 0.0000259413 0.0000016419 0.0000000992 0.0000797140 0.0000244500 0.0000591517
1403715894.98406 -0.081671 0.389035 0.319090 0.805670 -0.027301 0.589928 0.046206 0.0000033516 -0.0000000385 0.0000010253 0.0000011277 -0.0000001315 0.0000009859 0.0000263695 0.0000027820 0.0000005586 0.0000850326 0.0000253363 0.0000594091
1403715895.03406 -0.073889 0.414381 0.333987 0.804888 -0.027920 0.591032 0.045364 0.0000034414 -0.0000000299 0.0000010299 0.0000011519 -0.0000001385 0.0000009924 0.0000260935 0.0000038725 0.0000005658 0.0000912823 0.0000271207 0.0000600186
1403715895.08406 -0.068009 0.437804 0.347522 0.804610 -0.027819 0.591376 0.045864 0.0000035108 -0.0000000076 0.0000010173 0.0000011888 -0.0000001321 0.0000009906 0.0000261657 0.0000051093 0.0000009555 0.0000971826 0.0000293687 0.0000613574
1403715895.13406 -0.063612 0.461899 0.359859 0.804542 -0.028975 0.591534 0.044272 0.0000035962 0.0000000032 0.0000010031 0.0000012430 -0.0000001301 0.0000009913 0.0000266921 0.0000064554 0.0000016288 0.0001028719 0.0000313559 0.0000629999
1403715895.18406 -0.059458 0.488803 0.372356 0.804534 -0.029699 0.591569 0.043466 0.0000036787 0.0000000103 0.0000009897 0.0000012997 -0.0000001346 0.0000009938 0.0000272773 0.0000075654 0.0000022003 0.0001090410 0.0000332473 0.0000645632
1403715895.23406 -0.056108 0.514600 0.384289 0.804733 -0.030896 0.591354 0.041835 0.0000031837 0.0000000129 0.0000008238 0.0000013478 -0.0000001325 0.0000009437 0.0000273560 0.0000069378 0.0000025635 0.0001037613 0.0000344447 0.0000660755
1403715895.28406 -0.052977 0.536767 0.396297 0.804537 -0.031214 0.591634 0.041421 0.0000032260 0.0000000296 0.0000007911 0.0000013929 -0.0000001135 0.0000009098 0.0000278696 0.0000078895 0.0000032115 0.0001071255 0.0000365250 0.0000677763
1403715895.33406 -0.048411 0.565311 0.409444 0.804692 -0.031612 0.591416 0.041221 0.0000032656 0.0000000405 0.0000007597 0.0000014320 -0.0000000983 0.0000008835 0.0000283559 0.0000088991 0.0000038618 0.0001098393 0.0000384442 0.0000693746
1403715895.38406 -0.045476 0.592861 0.421432 0.804432 -0.031663 0.591763 0.041264 0.0000032935 0.0000000421 0.0000007433 0.0000014830 -0.0000000942 0.0000008821 0.0000289633 0.0000096796 0.0000044281 0.0001140724 0.0000401706 0.0000708073
1403715895.43406 -0.042076 0.622008 0.434679 0.804358 -0.031821 0.591829 0.041635 0.0000033431 0.0000000432 0.0000007177 0.0000015420 -0.0000000968 0.0000008818 0.0000297048 0.0000101836 0.0000050195 0.0001180239 0.0000415216 0.0000722349
1403715895.48406 -0.038674 0.649562 0.447961 0.804852 -0.032180 0.591161 0.041323 0.0000033976 0.0000000385 0.0000007041 0.0000015764 -0.0000001078 0.0000008866 0.0000302800 0.0000108785 0.0000052983 0.0001227933 0.0000428309 0.0000730975
1403715895.53406 -0.035259 0.673968 0.461892 0.805081 -0.032586 0.590841 0.041109 0.0000034623 0.0000000368 0.0000006931 0.0000016126 -0.0000001074 0.0000008816 0.0000310157 0.0000116920 0.0000057079 0.0001278714 0.0000445105 0.0000740515
1403715895.58406 -0.031888 0.702861 0.475261 0.805758 -0.033534 0.589900 0.040601 0.0000035335 0.0000000386 0.0000006706 0.0000016482 -0.0000001172 0.0000008823 0.0000318623 0.0000123737 0.0000060863 0.0001330674 0.0000460739 0.0000748325
1403715895.63406 -0.027672 0.729302 0.490035 0.805452 -0.033252 0.590287 0.041253 0.0000036095 0.0000000388 0.0000006672 0.0000016689 -0.0000001109 0.0000008819 0.0000325698 0.0000132843 0.0000062495 0.0001388726 0.0000479982 0.0000755413
1403715895.68406 -0.023107 0.755863 0.504561 0.805803 -0.033616 0.589785 0.041283 0.0000036726 0.0000000293 0.0000006570 0.0000016838 -0.0000001058 0.0000008784 0.0000331599 0.0000140603 0.0000063405 0.0001449546 0.0000501212 0.0000762899
1403715895.73406 -0.020467 0.780640 0.515594 0.806014 -0.034144 0.589500 0.040796 0.0000037553 0.0000000278 0.0000006402 0.0000017087 -0.0000001048 0.0000008783 0.0000340024 0.0000149816 0.0000065725 0.0001511294 0.0000523028 0.0000772201
1403715895.78406 -0.016366 0.808881 0.528119 0.806222 -0.034479 0.589192 0.040857 0.0000038470 0.0000000259 0.0000006320 0.0000017485 -0.0000001161 0.0000008914 0.0000350900 0.0000158146 0.0000070054 0.0001587961 0.0000544189 0.0000784285
1403715895.83406 -0.012532 0.835108 0.539336 0.806232 -0.034618 0.589173 0.040833 0.0000039174 0.0000000158 0.0000006261 0.0000017396 -0.0000001183 0.0000008958 0.0000353285 0.0000166920 0.0000066906 0.0001660219 0.0000567897 0.0000790628
1403715895.88406 -0.008934 0.863558 0.550358 0.806369 -0.034449 0.588967 0.041242 0.0000039905 0.0000000125 0.0000006123 0.0000017431 -0.0000000919 0.0000008793 0.0000360274 0.0000176393 0.0000067129 0.0001727879 0.0000597785 0.0000798757
1403715895.93406 -0.003587 0.891744 0.563102 0.806119 -0.034843 0.589319 0.040757 0.0000040682 0.0000000026 0.0000006103 0.0000017526 -0.0000000888 0.0000008812 0.0000366803 0.0000186238 0.0000067558 0.0001807852 0.0000625894 0.0000809911
1403715895.98406 0.000865 0.921597 0.575808 0.806390 -0.036039 0.588973 0.039338 0.0000041323 -0.0000000152 0.0000005996 0.0000017606 -0.0000000863 0.0000008881 0.0000373289 0.0000196015 0.0000067513 0.0001887921 0.0000654935 0.0000821942
1403715896.03406 0.006921 0.949244 0.589598 0.806773 -0.037085 0.588468 0.038049 0.0000042072 -0.0000000252 0.0000005837 0.0000017521 -0.0000000907 0.0000008923 0.0000376476 0.0000206330 0.0000064682 0.0001961854 0.0000683143 0.0000832226
1403715896.08406 0.010499 0.976585 0.600682 0.806944 -0.038751 0.588309 0.035106 0.0000042831 -0.0000000362 0.0000005677 0.0000017734 -0.0000000976 0.0000008945 0.0000387341 0.0000216227 0.0000067770 0.0002043603 0.0000714918 0.0000847455
1403715896.13406 0.013968 1.002051 0.609503 0.807301 -0.041222 0.587860 0.031424 0.0000043435 -0.0000000582 0.0000005559 0.0000017762 -0.0000001076 0.0000008987 0.0000393699 0.0000227180 0.0000068470 0.0002129369 0.0000748863 0.0000862890
1403715896.18406 0.017313 1.024789 0.617279 0.806657 -0.044123 0.588759 0.026856 0.0000044325 -0.0000000769 0.0000005564 0.0000017951 -0.0000001246 0.0000009123 0.0000404891 0.0000240659 0.0000072560 0.0002234703 0.0000786122 0.0000881632
1403715896.23406 0.020327 1.042599 0.623739 0.806031 -0.048645 0.589531 0.020014 0.0000044923 -0.0000001161 0.0000005347 0.0000017677 -0.0000001367 0.0000009107 0.0000404339 0.0000253603 0.0000071476 0.0002320563 0.0000825536 0.0000896020
1403715896.28406 0.023247 1.057237 0.630117 0.804144 -0.053651 0.591885 0.012065 0.0000045650 -0.0000001598 0.0000005470 0.0000017646 -0.0000001485 0.0000009280 0.0000410390 0.0000268375 0.0000072591 0.0002419462 0.0000865709 0.0000912533
1403715896.33406 0.025232 1.076331 0.637161 0.802097 -0.059744 0.594188 0.003437 0.0000046175 -0.0000002035 0.0000005505 0.0000017607 -0.0000001587 0.0000009342 0.0000415907 0.0000276670 0.0000071029 0.0002469098 0.0000893168 0.0000923214
1403715896.38406 0.026903 1.090460 0.644470 -0.800800 0.064820 -0.595397 0.004596 0.0000046910 -0.0000002468 0.0000005549 0.0000017838 -0.0000001813 0.0000009537 0.0000427293 0.0000281987 0.0000071362 0.0002537765 0.0000914354 0.0000934947
1403715896.43406 0.028255 1.103788 0.653173 -0.799282 0.068547 -0.596950 0.010064 0.0000047083 -0.0000002656 0.0000005402 0.0000017027 -0.0000001763 0.0000009567 0.0000415459 0.0000279065 0.0000053208 0.0002403432 0.0000886485 0.0000921944
1403715896.48406 0.027985 1.115697 0.660753 -0.797865 0.072239 -0.598277 0.016032 0.0000047491 -0.0000003059 0.0000005240 0.0000017086 -0.0000001756 0.0000009553 0.0000417006 0.0000257902 0.0000041096 0.0002246570 0.0000832925 0.0000906016
1403715896.53406 0.029652 1.125078 0.670640 -0.796157 0.074497 -0.600162 0.019720 0.0000047655 -0.0000003259 0.0000005165 0.0000016898 -0.0000001712 0.0000009536 0.0000412850 0.0000228560 0.0000022922 0.0002006606 0.0000747844 0.0000874988
1403715896.58406 0.030633 1.139411 0.683917 -0.794032 0.076972 -0.602522 0.023559 0.0000047743 -0.0000003566 0.0000004997 0.0000017015 -0.0000001753 0.0000009515 0.0000409780 0.0000183690 0.0000005370 0.0001751647 0.0000648912 0.0000837957
1403715896.63406 0.026729 1.137645 0.693660 -0.791872 0.078243 -0.605090 0.026131 0.0000047892 -0.0000003631 0.0000005081 0.0000016822 -0.0000001721 0.0000009620 0.0000408441 0.0000153305 -0.0000014065 0.0001475535 0.0000543066 0.0000797843
1403715896.68406 0.022728 1.125168 0.699645 -0.790233 0.079037 -0.607049 0.027857 0.0000048377 -0.0000003724 0.0000005167 0.0000016936 -0.0000001756 0.0000009791 0.0000410541 0.0000125230 -0.0000026971 0.0001316619 0.0000474333 0.0000772732
1403715896.73406 0.020972 1.124360 0.712887 -0.789588 0.080109 -0.607641 0.030113 0.0000048819 -0.0000004088 0.0000005233 0.0000016812 -0.0000001779 0.0000009947 0.0000404428 0.0000111057 -0.0000036583 0.0001181611 0.0000413323 0.0000749344
1403715896.78406 0.013069 1.119283 0.721863 -0.790598 0.080963 -0.606105 0.032190 0.0000049575 -0.0000004194 0.0000004925 0.0000016617 -0.0000001775 0.0000010012 0.0000401577 0.0000090396 -0.0000051780 0.0001077859 0.0000358791 0.0000723251
1403715896.83406 0.006001 1.106889 0.732115 -0.792450 0.082364 -0.603306 0.035524 0.0000049956 -0.0000004262 0.0000004583 0.0000016485 -0.0000001697 0.0000010056 0.0000402420 0.0000084283 -0.0000058870 0.0000958816 0.0000307065 0.0000701016
1403715896.88406 -0.002103 1.086042 0.741441 -0.793996 0.084383 -0.600762 0.039160 0.0000050217 -0.0000004648 0.0000004328 0.0000016415 -0.0000001711 0.0000010141 0.0000399001 0.0000081513 -0.0000063090 0.0000906784 0.0000272539 0.0000684135
1403715896.93406 -0.011436 1.064014 0.752251 -0.795352 0.087239 -0.598173 0.044653 0.0000050733 -0.0000005097 0.0000004042 0.0000016426 -0.0000001742 0.0000010260 0.0000395891 0.0000079113 -0.0000067183 0.0000890513 0.0000251471 0.0000670420
1403715896.98406 -0.021308 1.038276 0.762485 -0.796296 0.091290 -0.595762 0.051446 0.0000050712 -0.0000005574 0.0000003823 0.0000016501 -0.0000001834 0.0000010394 0.0000394823 0.0000078772 -0.0000068687 0.0000892908 0.0000242606 0.0000664255
1403715897.03406 -0.034128 1.007183 0.773101 -0.796919 0.095472 -0.593608 0.058603 0.0000051143 -0.0000006265 0.0000003594 0.0000016773 -0.0000001886 0.0000010508 0.0000396023 0.0000077801 -0.0000067654 0.0000895823 0.0000230338 0.0000659223
1403715897.08406 -0.048027 0.971875 0.786605 -0.797333 0.098517 -0.591982 0.064123 0.0000051550 -0.0000006877 0.0000003302 0.0000016968 -0.0000001978 0.0000010558 0.0000393394 0.0000080689 -0.0000060944 0.0000902172 0.0000218317 0.0000651361
1403715897.13406 -0.061413 0.929014 0.798804 -0.797406 0.099853 -0.591457 0.065967 0.0000051993 -0.0000007244 0.0000003213 0.0000017058 -0.0000001996 0.0000010607 0.0000391970 0.0000080544 -0.0000057353 0.0000909710 0.0000207507 0.0000644592
1403715897.18406 -0.073530 0.880269 0.811077 -0.797544 0.099641 -0.591410 0.065025 0.0000052753 -0.0000007312 0.0000003253 0.0000017180 -0.0000001980 0.0000010684 0.0000395322 0.0000079236 -0.0000054006 0.0000918471 0.0000196834 0.0000639611
1403715897.23406 -0.087796 0.823620 0.824583 -0.799119 0.096067 -0.590419 0.059867 0.0000053445 -0.0000007194 0.0000003028 0.0000016999 -0.0000001835 0.0000010699 0.0000392669 0.0000074729 -0.0000052582 0.0000929630 0.0000188118 0.0000631856
1403715897.28406 -0.100268 0.763860 0.835936 -0.801027 0.089131 -0.589941 0.048801 0.0000054821 -0.0000006382 0.0000002901 0.0000016863 -0.0000001675 0.0000010804 0.0000399108 0.0000072407 -0.0000048943 0.0000944123 0.0000179324 0.0000627855
1403715897.33406 -0.114322 0.698229 0.848574 -0.803589 0.079692 -0.588810 0.034603 0.0000056127 -0.0000005299 0.0000002707 0.0000016670 -0.0000001452 0.0000010819 0.0000404287 0.0000067598 -0.0000045668 0.0000958421 0.0000168737 0.0000622831
1403715897.38406 -0.128920 0.627954 0.861644 -0.806077 0.068655 -0.587534 0.018187 0.0000057379 -0.0000003974 0.0000002536 0.0000016497 -0.0000001246 0.0000010934 0.0000409937 0.0000062156 -0.0000042351 0.0000973523 0.0000158822 0.0000619323
1403715897.43406 -0.142105 0.556360 0.874804 -0.808444 0.060804 -0.585393 0.005947 0.0000057718 -0.0000003432 0.0000002173 0.0000016132 -0.0000001071 0.0000010945 0.0000403793 0.0000049828 -0.0000041176 0.0000986078 0.0000149336 0.0000611261
1403715897.48406 -0.153918 0.484522 0.886872 0.809251 -0.054696 0.584899 0.003776 0.0000058762 -0.0000002753 0.0000002192 0.0000016115 -0.0000000906 0.0000011040 0.0000410715 0.0000043625 -0.0000039255 0.0001005955 0.0000137551 0.0000605266
1403715897.53406 -0.162514 0.410072 0.903165 0.810354 -0.050629 0.583659 0.010240 0.0000059857 -0.0000002285 0.0000002121 0.0000016041 -0.0000000776 0.0000011104 0.0000416360 0.0000039676 -0.0000038975 0.0001029218 0.0000126318 0.0000597898
1403715897.58406 -0.172984 0.334655 0.914215 0.810790 -0.050046 0.583074 0.011790 0.0000061032 -0.0000002195 0.0000002006 0.0000016133 -0.0000000766 0.0000011269 0.0000426266 0.0000038364 -0.0000037472 0.0001054492 0.0000115516 0.0000593095
1403715897.63406 -0.183465 0.260243 0.925406 0.810557 -0.052430 0.583237 0.009101 0.0000061757 -0.0000002879 0.0000002056 0.0000016184 -0.0000000734 0.0000011386 0.0000432390 0.0000029342 -0.0000036782 0.0001083317 0.0000101334 0.0000587386
1403715897.68406 -0.194008 0.184561 0.935087 0.810180 -0.054572 0.583601 0.006321 0.0000062540 -0.0000003441 0.0000002180 0.0000016346 -0.0000000688 0.0000011451 0.0000443862 0.0000022521 -0.0000035371 0.0001116177 0.0000086862 0.0000580989
1403715897.73406 -0.203650 0.109638 0.946360 -0.809419 0.059787 -0.584180 0.000096 0.0000063084 -0.0000004505 0.0000002299 0.0000016421 -0.0000000698 0.0000011473 0.0000449044 0.0000013377 -0.0000034906 0.0001151820 0.0000072687 0.0000573494
1403715897.78406 -0.213672 0.033624 0.956677 -0.808281 0.063086 -0.585393 0.004196 0.0000063463 -0.0000005396 0.0000002398 0.0000016454 -0.0000000655 0.0000011552 0.0000454210 0.0000003154 -0.0000036049 0.0001190797 0.0000059174 0.0000566890
1403715897.83406 -0.224279 -0.044752 0.967312 -0.806724 0.065376 -0.587259 0.007072 0.0000063063 -0.0000006581 0.0000002592 0.0000016145 -0.0000000652 0.0000011584 0.0000443487 -0.0000014997 -0.0000040724 0.0001228815 0.0000044402 0.0000558865
1403715897.88406 -0.235050 -0.125748 0.977361 -0.804315 0.066474 -0.590411 0.008612 0.0000064010 -0.0000006909 0.0000002909 0.0000016341 -0.0000000697 0.0000011733 0.0000456757 -0.0000021608 -0.0000039171 0.0001281163 0.0000032549 0.0000554980
1403715897.93406 -0.248279 -0.206514 0.985884 -0.802623 0.064087 -0.593013 0.004981 0.0000064586 -0.0000006875 0.0000003135 0.0000016110 -0.0000000673 0.0000011774 0.0000459150 -0.0000032525 -0.0000039869 0.0001332784 0.0000020785 0.0000549824
1403715897.98406 -0.257607 -0.289800 0.997411 -0.801085 0.062567 -0.595266 0.002637 0.0000065291 -0.0000006764 0.0000003389 0.0000015963 -0.0000000710 0.0000011838 0.0000464724 -0.0000039451 -0.0000040640 0.0001390703 0.0000009571 0.0000546499
1403715898.03406 -0.267165 -0.374106 1.008456 0.798338 -0.059428 0.599265 0.002423 0.0000065883 -0.0000006500 0.0000003891 0.0000015822 -0.0000000733 0.0000011930 0.0000473017 -0.0000049160 -0.0000041078 0.0001452280 -0.0000002573 0.0000543027
1403715898.08406 -0.279596 -0.460175 1.017556 0.794100 -0.056749 0.605084 0.007602 0.0000066690 -0.0000006285 0.0000004593 0.0000015693 -0.0000000774 0.0000012140 0.0000481845 -0.0000059136 -0.0000041704 0.0001523242 -0.0000015040 0.0000540569
1403715898.13406 -0.294159 -0.549762 1.026911 0.789910 -0.054501 0.610640 0.013806 0.0000067370 -0.0000006142 0.0000005335 0.0000015582 -0.0000000744 0.0000012400 0.0000491663 -0.0000072693 -0.0000041812 0.0001601283 -0.0000028470 0.0000538554
1403715898.18406 -0.308405 -0.637739 1.036153 0.785971 -0.055020 0.615503 0.019427 0.0000068211 -0.0000006124 0.0000005983 0.0000015604 -0.0000000757 0.0000012642 0.0000506646 -0.0000083456 -0.0000041951 0.0001689570 -0.0000040569 0.0000536508
1403715898.23406 -0.323208 -0.724836 1.044452 0.783429 -0.056181 0.618361 0.026667 0.0000068928 -0.0000006148 0.0000006410 0.0000015677 -0.0000000702 0.0000012895 0.0000527013 -0.0000094937 -0.0000042135 0.0001785830 -0.0000055075 0.0000535980
1403715898.28406 -0.339648 -0.812287 1.050862 0.782714 -0.059006 0.618652 0.033871 0.0000070034 -0.0000006171 0.0000006432 0.0000015807 -0.0000000595 0.0000013043 0.0000549720 -0.0000103146 -0.0000041726 0.0001892709 -0.0000067663 0.0000534946
1403715898.33406 -0.353899 -0.897092 1.055449 0.783116 -0.063599 0.617244 0.041158 0.0000070973 -0.0000006450 0.0000006205 0.0000015851 -0.0000000480 0.0000013126 0.0000568100 -0.0000114463 -0.0000041869 0.0002004440 -0.0000078786 0.0000532834
1403715898.38406 -0.369829 -0.976664 1.056034 0.784698 -0.069475 0.614066 0.048419 0.0000071987 -0.0000006850 0.0000005608 0.0000015882 -0.0000000335 0.0000013125 0.0000583399 -0.0000127956 -0.0000039695 0.0002116219 -0.0000085558 0.0000529298
1403715898.43406 -0.389578 -1.059109 1.056614 0.787706 -0.076356 0.608803 0.055203 0.0000072742 -0.0000007468 0.0000004736 0.0000015864 -0.0000000134 0.0000013071 0.0000599877 -0.0000139700 -0.0000041358 0.0002235539 -0.0000094379 0.0000525678
1403715898.48406 -0.408235 -1.139171 1.057434 0.790635 -0.084988 0.603233 0.061507 0.0000073657 -0.0000008143 0.0000003750 0.0000015968 0.0000000054 0.0000012995 0.0000619401 -0.0000152820 -0.0000040677 0.0002358683 -0.0000097538 0.0000521600
1403715898.53406 -0.430107 -1.228970 1.060168 0.793952 -0.093530 0.596934 0.067547 0.0000074605 -0.0000008738 0.0000002524 0.0000016026 0.0000000271 0.0000012931 0.0000636050 -0.0000169525 -0.0000037248 0.0002479509 -0.0000097406 0.0000518107
1403715898.58406 -0.452869 -1.305769 1.059584 0.795658 -0.101930 0.592410 0.074762 0.0000075582 -0.0000009183 0.0000001501 0.0000016178 0.0000000543 0.0000012809 0.0000664159 -0.0000183646 -0.0000034910 0.0002587635 -0.0000085336 0.0000510894
1403715898.63406 -0.475048 -1.382988 1.057987 0.797050 -0.111197 0.587937 0.081707 0.0000076412 -0.0000009631 0.0000000414 0.0000016329 0.0000000804 0.0000012753 0.0000690971 -0.0000193729 -0.0000033725 0.0002687693 -0.0000073869 0.0000506264
1403715898.68406 -0.496973 -1.465456 1.056668 0.794870 -0.120405 0.587993 0.089157 0.0000077243 -0.0000010127 0.0000000073 0.0000016474 0.0000000973 0.0000012729 0.0000719156 -0.0000207059 -0.0000030886 0.0002792273 -0.0000061687 0.0000502494
1403715898.73406 -0.518112 -1.554174 1.054047 0.792628 -0.129746 0.588023 0.095581 0.0000077889 -0.0000010763 -0.0000000254 0.0000016596 0.0000001196 0.0000012715 0.0000751692 -0.0000218179 -0.0000030723 0.0002895036 -0.0000046435 0.0000497999
1403715898.78406 -0.537197 -1.643316 1.048724 0.792083 -0.138004 0.585810 0.101913 0.0000078543 -0.0000011194 -0.0000000997 0.0000016537 0.0000001536 0.0000012693 0.0000786182 -0.0000221659 -0.0000035055 0.0002979961 -0.0000024310 0.0000492299
1403715898.83406 -0.560205 -1.727571 1.037253 0.791445 -0.145383 0.583948 0.107158 0.0000078932 -0.0000011381 -0.0000001762 0.0000016433 0.0000001673 0.0000012664 0.0000807047 -0.0000226869 -0.0000038206 0.0003047304 -0.0000000172 0.0000488763
1403715898.88406 -0.582023 -1.812517 1.024181 0.791037 -0.151465 0.582027 0.112086 0.0000079611 -0.0000011604 -0.0000002414 0.0000016383 0.0000001847 0.0000012696 0.0000835743 -0.0000235535 -0.0000039624 0.0003140782 0.0000020080 0.0000487318
1403715898.93406 -0.600406 -1.894818 1.006569 0.791157 -0.157391 0.579723 0.114979 0.0000080014 -0.0000011982 -0.0000003305 0.0000016485 0.0000001998 0.0000012647 0.0000855782 -0.0000275579 -0.0000032480 0.0003171865 0.0000053413 0.0000484697
1403715898.98406 -0.618922 -1.978585 0.986910 0.791448 -0.161212 0.577496 0.118826 0.0000080830 -0.0000012030 -0.0000004048 0.0000016482 0.0000002188 0.0000012678 0.0000888510 -0.0000298863 -0.0000029392 0.0003238365 0.0000081701 0.0000483784
1403715899.03406 -0.640233 -2.060308 0.965210 0.790497 -0.164984 0.577318 0.120826 0.0000081192 -0.0000012138 -0.0000004532 0.0000016576 0.0000002281 0.0000012640 0.0000919860 -0.0000324905 -0.0000026518 0.0003253165 0.0000117306 0.0000483538
1403715899.08406 -0.653619 -2.129869 0.939421 0.791633 -0.167757 0.574495 0.123006 0.0000080801 -0.0000011742 -0.0000005289 0.0000016350 0.0000002328 0.0000012584 0.0000930007 -0.0000340499 -0.0000026225 0.0003220734 0.0000157883 0.0000484026
1403715899.13406 -0.666844 -2.202393 0.913868 0.794095 -0.170708 0.570077 0.123629 0.0000079512 -0.0000011050 -0.0000006383 0.0000015917 0.0000002359 0.0000012477 0.0000913799 -0.0000356873 -0.0000025745 0.0003089164 0.0000203461 0.0000483683
1403715899.18406 -0.681513 -2.283387 0.890436 0.797587 -0.172392 0.564363 0.125021 0.0000079733 -0.0000010604 -0.0000007585 0.0000015712 0.0000002644 0.0000012548 0.0000942863 -0.0000361510 -0.0000025654 0.0003089639 0.0000237890 0.0000486049
1403715899.23406 -0.698817 -2.364382 0.867721 0.801879 -0.171949 0.557580 0.128561 0.0000079779 -0.0000009712 -0.0000008877 0.0000015428 0.0000002815 0.0000012765 0.0000976512 -0.0000361819 -0.0000026164 0.0003101120 0.0000270079 0.0000490661
1403715899.28406 -0.704932 -2.434331 0.847218 0.806021 -0.170758 0.551275 0.131409 0.0000079743 -0.0000008653 -0.0000009846 0.0000014712 0.0000002642 0.0000012922 0.0000953128 -0.0000388532 -0.0000026117 0.0003140037 0.0000297452 0.0000497160
1403715899.33406 -0.714573 -2.506947 0.829013 0.811136 -0.170105 0.543529 0.133037 0.0000079713 -0.0000007875 -0.0000011283 0.0000014415 0.0000002698 0.0000013308 0.0000968168 -0.0000392649 -0.0000026142 0.0003169937 0.0000326159 0.0000503206
1403715899.38406 -0.727263 -2.581393 0.814001 0.815375 -0.168335 0.537082 0.135539 0.0000079912 -0.0000007156 -0.0000012481 0.0000014339 0.0000002739 0.0000013716 0.0001007360 -0.0000397454 -0.0000024449 0.0003221501 0.0000356594 0.0000510992
1403715899.43406 -0.731058 -2.652192 0.804234 0.818373 -0.165351 0.532580 0.138866 0.0000080657 -0.0000006325 -0.0000013337 0.0000014017 0.0000002712 0.0000014003 0.0001038733 -0.0000397588 -0.0000026249 0.0003311050 0.0000385262 0.0000518827
1403715899.48406 -0.734428 -2.721206 0.797628 0.819163 -0.164158 0.531576 0.139466 0.0000081288 -0.0000006045 -0.0000013675 0.0000013951 0.0000002646 0.0000014130 0.0001067775 -0.0000401170 -0.0000027103 0.0003402472 0.0000413362 0.0000526903
1403715899.53406 -0.725753 -2.778182 0.795526 0.819868 -0.162910 0.531062 0.138745 0.0000081007 -0.0000005553 -0.0000013547 0.0000013647 0.0000002334 0.0000014010 0.0001048476 -0.0000404435 -0.0000038365 0.0003472573 0.0000435060 0.0000533385
1403715899.58406 -0.704419 -2.804601 0.799293 0.820097 -0.162092 0.530986 0.138640 0.0000080939 -0.0000005431 -0.0000013600 0.0000013356 0.0000002044 0.0000013781 0.0001017408 -0.0000446609 -0.0000053258 0.0003452421 0.0000435245 0.0000534948
1403715899.63406 -0.686835 -2.842893 0.800010 0.820706 -0.162446 0.530444 0.136682 0.0000081077 -0.0000005633 -0.0000013955 0.0000013316 0.0000001963 0.0000013813 0.0001006356 -0.0000469601 -0.0000061444 0.0003432226 0.0000431823 0.0000536290
1403715899.68406 -0.672815 -2.885590 0.800460 0.820430 -0.161553 0.531075 0.136947 0.0000081118 -0.0000005781 -0.0000014268 0.0000013298 0.0000001908 0.0000013786 0.0001015374 -0.0000505142 -0.0000067654 0.0003333819 0.0000415614 0.0000535092
1403715899.73406 -0.649896 -2.916599 0.802351 0.820539 -0.159194 0.531150 0.138753 0.0000080440 -0.0000005700 -0.0000014664 0.0000013089 0.0000001753 0.0000013672 0.0001005798 -0.0000563145 -0.0000076552 0.0003130407 0.0000379703 0.0000530898
1403715899.78406 -0.626746 -2.943145 0.805393 0.819491 -0.156016 0.532702 0.142557 0.0000079227 -0.0000005527 -0.0000014697 0.0000012917 0.0000001584 0.0000013457 0.0000999078 -0.0000611504 -0.0000082092 0.0002899202 0.0000342201 0.0000524492
1403715899.83406 -0.604831 -2.984046 0.805905 0.817303 -0.151741 0.535966 0.147417 0.0000078210 -0.0000005111 -0.0000014337 0.0000012801 0.0000001381 0.0000013169 0.0000999561 -0.0000639655 -0.0000084650 0.0002707552 0.0000310837 0.0000519739
1403715899.88406 -0.582261 -3.036041 0.805741 0.814830 -0.145977 0.539669 0.153295 0.0000078064 -0.0000004418 -0.0000013816 0.0000012719 0.0000001120 0.0000012850 0.0001009415 -0.0000667431 -0.0000087373 0.0002611060 0.0000296401 0.0000518588
1403715899.93406 -0.558125 -3.086885 0.805801 0.813102 -0.140139 0.542118 0.159167 0.0000078073 -0.0000003542 -0.0000013361 0.0000012666 0.0000000843 0.0000012471 0.0001019341 -0.0000702012 -0.0000094373 0.0002537618 0.0000282508 0.0000517242
1403715899.98406 -0.531810 -3.139219 0.805689 0.812052 -0.134102 0.543262 0.165693 0.0000078816 -0.0000002444 -0.0000013063 0.0000012664 0.0000000556 0.0000012155 0.0001027590 -0.0000744180 -0.0000102425 0.0002519743 0.0000279160 0.0000518599
1403715900.03406 -0.504886 -3.187316 0.805093 0.810721 -0.130042 0.544758 0.170471 0.0000078971 -0.0000001796 -0.0000012706 0.0000012723 0.0000000403 0.0000011966 0.0001045852 -0.0000770667 -0.0000106347 0.0002503933 0.0000278941 0.0000520282
1403715900.08406 -0.476439 -3.244891 0.800516 0.810270 -0.126566 0.545374 0.173237 0.0000041715 -0.0000000708 -0.0000006672 0.0000012803 0.0000000181 0.0000010850 0.0000778146 -0.0000410316 -0.0000075139 0.0001939446 0.0000223786 0.0000515652
1403715900.13406 -0.446692 -3.289704 0.799281 0.809741 -0.124428 0.545748 0.176059 0.0000041995 -0.0000000579 -0.0000006643 0.0000012918 0.0000000145 0.0000010775 0.0000786332 -0.0000437815 -0.0000076211 0.0001948222 0.0000223743 0.0000516398
1403715900.18406 -0.414291 -3.333570 0.798613 0.809434 -0.121761 0.545864 0.178951 0.0000042395 -0.0000000392 -0.0000006667 0.0000013045 0.0000000106 0.0000010716 0.0000797201 -0.0000461655 -0.0000078498 0.0001963790 0.0000221760 0.0000517554
1403715900.23406 -0.379849 -3.373533 0.797680 0.809028 -0.119988 0.546402 0.180336 0.0000042679 -0.0000000314 -0.0000006518 0.0000013175 0.0000000114 0.0000010444 0.0000799976 -0.0000496998 -0.0000081075 0.0001974027 0.0000221454 0.0000517663
1403715900.28406 -0.345102 -3.416482 0.795424 0.808896 -0.118701 0.546316 0.182033 0.0000042928 -0.0000000191 -0.0000006586 0.0000013289 0.0000000133 0.0000010173 0.0000807876 -0.0000526939 -0.0000083870 0.0001953225 0.0000212234 0.0000513419
1403715900.33406 -0.305520 -3.455782 0.789708 0.809333 -0.118440 0.545871 0.181594 0.0000042907 -0.0000000123 -0.0000006872 0.0000013369 0.0000000173 0.0000009879 0.0000817040 -0.0000547778 -0.0000084357 0.0001907086 0.0000196942 0.0000503801
1403715900.38406 -0.263481 -3.480230 0.787115 0.809499 -0.117611 0.545483 0.182559 0.0000024076 -0.0000000050 -0.0000003883 0.0000013486 0.0000000168 0.0000009327 0.0000658625 -0.0000361144 -0.0000065297 0.0001657163 0.0000179056 0.0000496627
1403715900.43406 -0.219683 -3.504268 0.784051 0.809810 -0.119346 0.545510 0.179954 0.0000024254 -0.0000000071 -0.0000004047 0.0000013579 0.0000000225 0.0000009243 0.0000666591 -0.0000375811 -0.0000064573 0.0001637854 0.0000174987 0.0000492035
1403715900.48406 -0.175101 -3.525286 0.780747 0.809135 -0.126284 0.547988 0.170476 0.0000024471 -0.0000000292 -0.0000004162 0.0000013666 0.0000000324 0.0000009164 0.0000675064 -0.0000387884 -0.0000064439 0.0001611273 0.0000174524 0.0000486916
1403715900.53406 -0.127654 -3.545660 0.779499 0.805821 -0.132874 0.554158 0.160952 0.0000024707 -0.0000000522 -0.0000004147 0.0000013767 0.0000000436 0.0000009063 0.0000683793 -0.0000396264 -0.0000063234 0.0001578398 0.0000171352 0.0000483520
1403715900.58406 -0.079716 -3.560370 0.779482 0.801491 -0.137861 0.561219 0.153753 0.0000025003 -0.0000000691 -0.0000004049 0.0000013841 0.0000000544 0.0000008876 0.0000692253 -0.0000402106 -0.0000062950 0.0001543334 0.0000171206 0.0000479092
1403715900.63406 -0.031467 -3.571470 0.780330 0.795929 -0.143756 0.569822 0.145379 0.0000025348 -0.0000000944 -0.0000003854 0.0000013983 0.0000000606 0.0000008773 0.0000702260 -0.0000412514 -0.0000062536 0.0001534050 0.0000172873 0.0000475776
1403715900.68406 0.017177 -3.581756 0.781248 0.789385 -0.150113 0.579433 0.136360 0.0000025690 -0.0000001237 -0.0000003605 0.0000014157 0.0000000654 0.0000008693 0.0000713490 -0.0000424110 -0.0000061562 0.0001528765 0.0000174199 0.0000473830
1403715900.73406 0.066247 -3.594094 0.783286 0.781768 -0.154374 0.590000 0.130029 0.0000026050 -0.0000001423 -0.0000003313 0.0000014255 0.0000000750 0.0000008537 0.0000723726 -0.0000429178 -0.0000059157 0.0001500683 0.0000171591 0.0000471452
1403715900.78406 0.114231 -3.604316 0.787131 0.774169 -0.155456 0.600024 0.128320 0.0000026472 -0.0000001543 -0.0000002944 0.0000014413 0.0000000749 0.0000008468 0.0000738432 -0.0000443496 -0.0000058291 0.0001501098 0.0000174224 0.0000470092
1403715900.83406 0.157902 -3.608917 0.790687 0.766889 -0.153788 0.609101 0.131248 0.0000026856 -0.0000001490 -0.0000002606 0.0000014496 0.0000000763 0.0000008398 0.0000752304 -0.0000452856 -0.0000056275 0.0001488060 0.0000174486 0.0000468285
1403715900.88406 0.199787 -3.612545 0.795199 0.761243 -0.151857 0.615967 0.134292 0.0000027240 -0.0000001427 -0.0000002360 0.0000014575 0.0000000802 0.0000008348 0.0000767252 -0.0000462801 -0.0000053547 0.0001474771 0.0000173683 0.0000466878
1403715900.93406 0.238040 -3.614001 0.799622 0.757213 -0.149944 0.620490 0.138338 0.0000027599 -0.0000001327 -0.0000002209 0.0000014611 0.0000000837 0.0000008333 0.0000784432 -0.0000474575 -0.0000050328 0.0001465076 0.0000172505 0.0000465117
1403715900.98406 0.275844 -3.618947 0.804284 0.752920 -0.148065 0.625439 0.141474 0.0000027927 -0.0000001218 -0.0000002060 0.0000014638 0.0000000892 0.0000008297 0.0000799075 -0.0000479067 -0.0000046158 0.0001441170 0.0000170255 0.0000463744
1403715901.03406 0.309849 -3.621407 0.808853 0.747915 -0.147192 0.631341 0.142714 0.0000028292 -0.0000001217 -0.0000001818 0.0000014648 0.0000000890 0.0000008307 0.0000818625 -0.0000489708 -0.0000043299 0.0001430392 0.0000170733 0.0000462196
1403715901.08406 0.339448 -3.620361 0.814265 0.743554 -0.145634 0.636176 0.145598 0.0000028649 -0.0000001166 -0.0000001625 0.0000014675 0.0000000892 0.0000008317 0.0000839207 -0.0000500152 -0.0000039670 0.0001419621 0.0000170372 0.0000461123
1403715901.13406 0.365472 -3.616249 0.821401 0.739160 -0.145337 0.641239 0.146052 0.0000028973 -0.0000001166 -0.0000001439 0.0000014672 0.0000000886 0.0000008328 0.0000857671 -0.0000506104 -0.0000036206 0.0001403286 0.0000170595 0.0000460242
1403715901.18406 0.386050 -3.608782 0.828135 0.734863 -0.145005 0.645895 0.147547 0.0000029297 -0.0000001141 -0.0000001254 0.0000014604 0.0000000849 0.0000008339 0.0000875594 -0.0000510481 -0.0000033531 0.0001386748 0.0000172258 0.0000459494
1403715901.23406 0.406223 -3.603730 0.836544 0.731761 -0.145507 0.649383 0.147156 0.0000029596 -0.0000001141 -0.0000001137 0.0000014427 0.0000000799 0.0000008340 0.0000882014 -0.0000500263 -0.0000032704 0.0001353728 0.0000176042 0.0000458322
1403715901.28406 0.422983 -3.597413 0.844882 0.730107 -0.146656 0.651104 0.146629 0.0000029914 -0.0000001150 -0.0000001098 0.0000014256 0.0000000717 0.0000008338 0.0000894129 -0.0000497229 -0.0000030899 0.0001332745 0.0000178640 0.0000457697
1403715901.33406 0.435744 -3.588963 0.853838 0.730858 -0.148885 0.650134 0.144931 0.0000030175 -0.0000001107 -0.0000001220 0.0000013830 0.0000000600 0.0000008333 0.0000889456 -0.0000476670 -0.0000032097 0.0001295376 0.0000184327 0.0000456659
1403715901.38406 0.443086 -3.577022 0.862078 0.734222 -0.151730 0.646213 0.142493 0.0000030450 -0.0000001094 -0.0000001509 0.0000013486 0.0000000551 0.0000008409 0.0000879885 -0.0000452823 -0.0000034437 0.0001258566 0.0000190865 0.0000455645
1403715901.43406 0.453637 -3.569113 0.871813 0.740478 -0.155330 0.639077 0.138369 0.0000030597 -0.0000001081 -0.0000001963 0.0000012933 0.0000000421 0.0000008467 0.0000831289 -0.0000397565 -0.0000046566 0.0001198389 0.0000205361 0.0000452177
1403715901.48406 0.455610 -3.555192 0.881131 0.747540 -0.158087 0.630538 0.136432 0.0000019092 -0.0000000659 -0.0000001555 0.0000012770 0.0000000347 0.0000008537 0.0000753790 -0.0000322785 -0.0000042156 0.0001128170 0.0000204929 0.0000450381
1403715901.53406 0.453367 -3.538776 0.889767 0.753627 -0.160129 0.623020 0.135098 0.0000019234 -0.0000000601 -0.0000001758 0.0000012497 0.0000000243 0.0000008637 0.0000740399 -0.0000303745 -0.0000045758 0.0001107577 0.0000210587 0.0000449550
1403715901.58406 0.439842 -3.515155 0.897195 0.757189 -0.160890 0.618363 0.135671 0.0000019391 -0.0000000550 -0.0000001880 0.0000012297 0.0000000133 0.0000008682 0.0000720327 -0.0000282542 -0.0000051927 0.0001088451 0.0000217386 0.0000447828
1403715901.63406 0.436983 -3.499214 0.908000 0.759414 -0.160059 0.615345 0.137920 0.0000019587 -0.0000000443 -0.0000001932 0.0000012018 -0.0000000028 0.0000008710 0.0000700773 -0.0000264438 -0.0000055666 0.0001074574 0.0000221880 0.0000447555
1403715901.68406 0.433472 -3.482361 0.920228 0.760704 -0.160565 0.613741 0.137372 0.0000015794 -0.0000000339 -0.0000001602 0.0000010792 -0.0000000082 0.0000008734 0.0000663851 -0.0000230000 -0.0000061152 0.0001045474 0.0000226942 0.0000443916
1403715901.73406 0.425798 -3.462569 0.928882 0.764082 -0.160780 0.609392 0.137731 0.0000015944 -0.0000000297 -0.0000001676 0.0000010666 -0.0000000212 0.0000008763 0.0000645595 -0.0000216308 -0.0000065219 0.0001037756 0.0000230602 0.0000443440
1403715901.78406 0.408924 -3.438019 0.934118 0.767826 -0.161612 0.604572 0.137174 0.0000016081 -0.0000000268 -0.0000001770 0.0000010590 -0.0000000306 0.0000008817 0.0000628460 -0.0000205615 -0.0000069750 0.0001033546 0.0000233799 0.0000442635
1403715901.83406 0.385464 -3.409871 0.938743 0.771778 -0.162261 0.599473 0.136612 0.0000010012 -0.0000000165 -0.0000001161 0.0000010650 -0.0000000342 0.0000008836 0.0000598246 -0.0000176824 -0.0000068722 0.0001007447 0.0000231099 0.0000441356
1403715901.88406 0.360153 -3.381343 0.943185 0.775059 -0.161829 0.595235 0.137077 0.0000010111 -0.0000000168 -0.0000001185 0.0000010659 -0.0000000419 0.0000008876 0.0000595340 -0.0000175340 -0.0000069268 0.0001009505 0.0000231523 0.0000442116
1403715901.93406 0.342922 -3.355018 0.948230 0.777287 -0.162308 0.592465 0.135892 0.0000010214 -0.0000000163 -0.0000001201 0.0000010669 -0.0000000518 0.0000008871 0.0000580952 -0.0000171850 -0.0000073358 0.0001012112 0.0000232692 0.0000442177
1403715901.98406 0.320244 -3.326447 0.952258 0.778896 -0.162524 0.590476 0.135076 0.0000010323 -0.0000000167 -0.0000001226 0.0000010763 -0.0000000538 0.0000008956 0.0000582025 -0.0000173986 -0.0000074594 0.0001017074 0.0000232690 0.0000442593
1403715902.03406 0.301030 -3.297248 0.957236 0.778804 -0.162328 0.590756 0.134618 0.0000010442 -0.0000000176 -0.0000001254 0.0000010824 -0.0000000605 0.0000008960 0.0000567542 -0.0000174956 -0.0000077673 0.0001022721 0.0000232767 0.0000443603
1403715902.08406 0.275555 -3.266868 0.961604 0.777743 -0.161591 0.592187 0.135348 0.0000010576 -0.0000000175 -0.0000001266 0.0000010919 -0.0000000627 0.0000009016 0.0000569630 -0.0000179334 -0.0000077690 0.0001029687 0.0000231968 0.0000444570
1403715902.13406 0.249870 -3.236311 0.964354 0.777874 -0.159271 0.592051 0.137912 0.0000010707 -0.0000000178 -0.0000001275 0.0000011022 -0.0000000645 0.0000009083 0.0000573916 -0.0000184594 -0.0000076965 0.0001037994 0.0000231142 0.0000446618
1403715902.18406 0.225185 -3.202921 0.968345 0.778027 -0.156437 0.591953 0.140691 0.0000010834 -0.0000000179 -0.0000001290 0.0000011109 -0.0000000667 0.0000009130 0.0000577768 -0.0000190919 -0.0000076080 0.0001046621 0.0000229340 0.0000447055
1403715902.23406 0.198177 -3.168790 0.973156 0.779694 -0.153647 0.589568 0.144497 0.0000010955 -0.0000000180 -0.0000001304 0.0000011214 -0.0000000692 0.0000009188 0.0000583162 -0.0000197882 -0.0000075237 0.0001056573 0.0000227765 0.0000448565
1403715902.28406 0.169575 -3.134656 0.977710 0.782155 -0.152162 0.586328 0.145946 0.0000011068 -0.0000000188 -0.0000001330 0.0000011322 -0.0000000706 0.0000009275 0.0000590204 -0.0000205535 -0.0000073828 0.0001068091 0.0000226277 0.0000450529
1403715902.33406 0.142138 -3.100274 0.978685 0.785373 -0.150202 0.581892 0.148427 0.0000011175 -0.0000000195 -0.0000001357 0.0000011429 -0.0000000725 0.0000009348 0.0000597699 -0.0000214513 -0.0000072289 0.0001080621 0.0000224328 0.0000452291
1403715902.38406 0.113717 -3.065862 0.978145 0.788139 -0.149488 0.578184 0.148977 0.0000011284 -0.0000000204 -0.0000001390 0.0000011539 -0.0000000732 0.0000009420 0.0000606463 -0.0000224269 -0.0000070707 0.0001094045 0.0000221803 0.0000453641
1403715902.43406 0.085041 -3.029956 0.979151 0.790062 -0.149192 0.575631 0.148976 0.0000011399 -0.0000000211 -0.0000001418 0.0000011648 -0.0000000748 0.0000009452 0.0000615623 -0.0000235476 -0.0000069056 0.0001108662 0.0000218989 0.0000455330
1403715902.48406 0.056818 -2.992337 0.980059 0.792166 -0.151716 0.573169 0.144680 0.0000011504 -0.0000000222 -0.0000001459 0.0000011759 -0.0000000760 0.0000009541 0.0000626126 -0.0000247740 -0.0000066997 0.0001125216 0.0000216271 0.0000457784
1403715902.53406 0.030335 -2.954123 0.980008 0.794216 -0.155855 0.570750 0.138471 0.0000011604 -0.0000000233 -0.0000001502 0.0000011867 -0.0000000769 0.0000009643 0.0000637928 -0.0000260975 -0.0000064574 0.0001143870 0.0000213421 0.0000460449
1403715902.58406 0.003125 -2.914204 0.981110 0.796614 -0.158697 0.568042 0.132477 0.0000011703 -0.0000000250 -0.0000001548 0.0000011973 -0.0000000791 0.0000009735 0.0000650441 -0.0000275919 -0.0000062338 0.0001164190 0.0000210265 0.0000462893
1403715902.63406 -0.025202 -2.873704 0.983308 0.798715 -0.159846 0.566139 0.126451 0.0000011808 -0.0000000267 -0.0000001587 0.0000012057 -0.0000000837 0.0000009807 0.0000661644 -0.0000292169 -0.0000059532 0.0001186535 0.0000206836 0.0000464582
1403715902.68406 -0.050914 -2.832781 0.985441 0.801369 -0.159612 0.563865 0.119951 0.0000011912 -0.0000000291 -0.0000001626 0.0000012145 -0.0000000876 0.0000009929 0.0000676079 -0.0000309955 -0.0000056964 0.0001211752 0.0000203296 0.0000467014
1403715902.73406 -0.079044 -2.790803 0.984193 0.805378 -0.156967 0.560201 0.113590 0.0000012004 -0.0000000329 -0.0000001678 0.0000012183 -0.0000000970 0.0000009996 0.0000688970 -0.0000328461 -0.0000055528 0.0001238267 0.0000199028 0.0000467190
1403715902.78406 -0.106285 -2.748519 0.980796 0.809412 -0.152161 0.556853 0.107771 0.0000012103 -0.0000000373 -0.0000001721 0.0000012206 -0.0000001067 0.0000010106 0.0000702633 -0.0000348095 -0.0000054109 0.0001267558 0.0000194790 0.0000467820
1403715902.83406 -0.132220 -2.707324 0.974451 0.813206 -0.146685 0.554077 0.100889 0.0000012207 -0.0000000425 -0.0000001757 0.0000012229 -0.0000001154 0.0000010250 0.0000718210 -0.0000369552 -0.0000052436 0.0001300090 0.0000190614 0.0000470000
1403715902.88406 -0.154495 -2.667166 0.966535 0.817524 -0.139186 0.550648 0.095225 0.0000012315 -0.0000000471 -0.0000001781 0.0000012277 -0.0000001224 0.0000010424 0.0000735045 -0.0000391773 -0.0000048816 0.0001334661 0.0000185401 0.0000472972
1403715902.93406 -0.173129 -2.629722 0.955903 0.820756 -0.130931 0.548758 0.089896 0.0000012439 -0.0000000514 -0.0000001793 0.0000008449 -0.0000000857 0.0000010530 0.0000714029 -0.0000376134 -0.0000073780 0.0001331345 0.0000209434 0.0000455349
1403715902.98406 -0.190335 -2.592254 0.945446 0.823366 -0.119636 0.547799 0.087589 0.0000012583 -0.0000000479 -0.0000001796 0.0000008481 -0.0000000872 0.0000010652 0.0000731269 -0.0000399649 -0.0000072009 0.0001368404 0.0000205419 0.0000458198
1403715903.03406 -0.206046 -2.555737 0.935033 0.824500 -0.108891 0.549119 0.082532 0.0000012739 -0.0000000463 -0.0000001791 0.0000008487 -0.0000000890 0.0000010747 0.0000742268 -0.0000420195 -0.0000070300 0.0001405137 0.0000200893 0.0000461263
1403715903.08406 -0.219885 -2.517752 0.926411 0.825871 -0.096100 0.549874 0.079634 0.0000012899 -0.0000000420 -0.0000001787 0.0000008510 -0.0000000891 0.0000010854 0.0000758406 -0.0000441863 -0.0000066715 0.0001440577 0.0000193848 0.0000464136
1403715903.13406 -0.234260 -2.478472 0.917639 0.826726 -0.083161 0.551112 0.076706 0.0000013063 -0.0000000371 -0.0000001782 0.0000008533 -0.0000000888 0.0000010961 0.0000774796 -0.0000463549 -0.0000062727 0.0001477052 0.0000185829 0.0000467362
1403715903.18406 -0.243918 -2.443777 0.908501 0.827386 -0.070757 0.552089 0.074990 0.0000013227 -0.0000000313 -0.0000001775 0.0000008559 -0.0000000903 0.0000011067 0.0000793559 -0.0000489959 -0.0000059803 0.0001522284 0.0000178736 0.0000471542
1403715903.23406 -0.262456 -2.395460 0.896445 0.828276 -0.062267 0.552358 0.070583 0.0000013360 -0.0000000297 -0.0000001793 0.0000008495 -0.0000000897 0.0000011133 0.0000784837 -0.0000493510 -0.0000058724 0.0001544721 0.0000171538 0.0000473922
1403715903.28406 -0.276585 -2.352785 0.887526 0.830823 -0.056399 0.549869 0.064776 0.0000013470 -0.0000000305 -0.0000001840 0.0000008398 -0.0000000845 0.0000011246 0.0000765794 -0.0000488035 -0.0000059873 0.0001562602 0.0000167216 0.0000477301
1403715903.33406 -0.285272 -2.312310 0.879618 0.833332 -0.052116 0.547136 0.059027 0.0000013575 -0.0000000330 -0.0000001880 0.0000008382 -0.0000000793 0.0000011371 0.0000767086 -0.0000498070 -0.0000058177 0.0001594792 0.0000159875 0.0000480937
1403715903.38406 -0.290014 -2.273516 0.871394 0.836530 -0.048093 0.543287 0.052380 0.0000013664 -0.0000000363 -0.0000001931 0.0000008349 -0.0000000722 0.0000011501 0.0000769943 -0.0000509414 -0.0000058818 0.0001629460 0.0000154709 0.0000484068
1403715903.43406 -0.293416 -2.233123 0.865345 0.838980 -0.043441 0.540538 0.045217 0.0000013755 -0.0000000393 -0.0000001970 0.0000008281 -0.0000000616 0.0000011620 0.0000766820 -0.0000511910 -0.0000061563 0.0001653465 0.0000151624 0.0000484871
1403715903.48406 -0.289820 -2.195756 0.861823 0.840867 -0.037128 0.538562 0.038932 0.0000013868 -0.0000000400 -0.0000002005 0.0000008249 -0.0000000516 0.0000011720 0.0000770556 -0.0000520568 -0.0000062600 0.0001685853 0.0000147108 0.0000485934
1403715903.53406 -0.284284 -2.156496 0.862800 0.842108 -0.030089 0.537536 0.031675 0.0000013991 -0.0000000398 -0.0000002040 0.0000008176 -0.0000000416 0.0000011815 0.0000757102 -0.0000508749 -0.0000068601 0.0001695397 0.0000148946 0.0000486379
1403715903.58406 -0.274603 -2.118984 0.870854 0.842314 -0.021082 0.537995 0.024974 0.0000014128 -0.0000000369 -0.0000002076 0.0000008133 -0.0000000291 0.0000011854 0.0000748438 -0.0000499810 -0.0000071256 0.0001706644 0.0000148945 0.0000484043
1403715903.63406 -0.260846 -2.082744 0.881462 0.842874 -0.011436 0.537706 0.017474 0.0000014257 -0.0000000322 -0.0000002109 0.0000008031 -0.0000000155 0.0000011924 0.0000713186 -0.0000451701 -0.0000084382 0.0001664661 0.0000161487 0.0000483183
1403715903.68406 -0.244118 -2.047664 0.897076 0.841915 -0.000483 0.539519 0.009892 0.0000014401 -0.0000000260 -0.0000002165 0.0000007968 0.0000000026 0.0000011882 0.0000692055 -0.0000416376 -0.0000096116 0.0001630329 0.0000176717 0.0000479148
1403715903.73406 -0.221967 -2.019147 0.917159 0.839822 0.011542 0.542733 0.002552 0.0000014547 -0.0000000169 -0.0000002242 0.0000007903 0.0000000227 0.0000011754 0.0000658605 -0.0000359496 -0.0000109290 0.0001559008 0.0000197042 0.0000474056
1403715903.78406 -0.193833 -1.997654 0.941707 -0.836482 -0.021001 -0.547502 0.009911 0.0000014707 -0.0000000176 -0.0000002304 0.0000007893 0.0000000431 0.0000011617 0.0000634511 -0.0000314629 -0.0000119071 0.0001503641 0.0000212627 0.0000471604
1403715903.83406 -0.163748 -1.974118 0.968058 -0.833070 -0.032288 -0.551792 0.021878 0.0000014874 -0.0000000165 -0.0000002343 0.0000007886 0.0000000645 0.0000011495 0.0000605059 -0.0000258004 -0.0000129460 0.0001430717 0.0000227808 0.0000470742
1403715903.88406 -0.134946 -1.947962 0.997086 -0.828476 -0.043939 -0.557179 0.035338 0.0000015069 -0.0000000205 -0.0000002349 0.0000007957 0.0000000808 0.0000011309 0.0000596168 -0.0000233201 -0.0000133854 0.0001406612 0.0000235665 0.0000470612
1403715903.93406 -0.105066 -1.921296 1.027126 -0.823978 -0.058166 -0.561625 0.047478 0.0000015251 -0.0000000202 -0.0000002396 0.0000008049 0.0000000959 0.0000011087 0.0000595700 -0.0000217412 -0.0000137715 0.0001389222 0.0000245314 0.0000470149
1403715903.98406 -0.074408 -1.892547 1.056140 -0.819111 -0.074156 -0.565766 0.058882 0.0000015444 -0.0000000177 -0.0000002420 0.0000008140 0.0000001089 0.0000010859 0.0000594605 -0.0000198268 -0.0000141622 0.0001369974 0.0000253557 0.0000471043
1403715904.03406 -0.045829 -1.859524 1.084293 -0.814481 -0.089182 -0.568680 0.072591 0.0000015643 -0.0000000208 -0.0000002421 0.0000008278 0.0000001198 0.0000010716 0.0000600132 -0.0000188563 -0.0000144542 0.0001375658 0.0000257619 0.0000473646
1403715904.08406 -0.016294 -1.826935 1.111402 -0.810582 -0.104848 -0.569697 0.086075 0.0000015825 -0.0000000221 -0.0000002434 0.0000008362 0.0000001326 0.0000010610 0.0000600890 -0.0000169629 -0.0000148042 0.0001375981 0.0000260223 0.0000477669
1403715904.13406 0.014179 -1.797814 1.138460 -0.806700 -0.120824 -0.569868 0.099430 0.0000015997 -0.0000000216 -0.0000002467 0.0000008442 0.0000001420 0.0000010501 0.0000604505 -0.0000154085 -0.0000150962 0.0001382791 0.0000263106 0.0000481862
1403715904.18406 0.044144 -1.768646 1.163820 -0.803162 -0.139432 -0.568737 0.109674 0.0000016157 -0.0000000158 -0.0000002528 0.0000008566 0.0000001490 0.0000010433 0.0000613702 -0.0000140807 -0.0000154507 0.0001395705 0.0000265695 0.0000487145
1403715904.23406 0.073652 -1.739910 1.188470 -0.799619 -0.158026 -0.566818 0.119807 0.0000016310 -0.0000000098 -0.0000002597 0.0000008634 0.0000001544 0.0000010378 0.0000621894 -0.0000125282 -0.0000158008 0.0001411984 0.0000267423 0.0000493444
1403715904.28406 0.103134 -1.709556 1.211779 -0.794730 -0.179123 -0.566007 0.126314 0.0000016432 0.0000000041 -0.0000002757 0.0000008577 0.0000001585 0.0000010134 0.0000625670 -0.0000108577 -0.0000160075 0.0001415134 0.0000274843 0.0000497322
1403715904.33406 0.132119 -1.686021 1.237706 -0.788436 -0.199035 -0.566492 0.133572 0.0000016588 0.0000000158 -0.0000002859 0.0000008658 0.0000001578 0.0000009938 0.0000636730 -0.0000094884 -0.0000161762 0.0001428610 0.0000280490 0.0000502546
1403715904.38406 0.156926 -1.648698 1.255014 -0.781374 -0.218646 -0.567591 0.139601 0.0000016673 0.0000000289 -0.0000003094 0.0000008742 0.0000001578 0.0000009466 0.0000648550 -0.0000086826 -0.0000159774 0.0001424418 0.0000297500 0.0000501392
1403715904.43406 0.182278 -1.626192 1.277935 -0.775111 -0.234601 -0.567415 0.149015 0.0000016829 0.0000000332 -0.0000003194 0.0000008730 0.0000001513 0.0000009196 0.0000657319 -0.0000076352 -0.0000157805 0.0001435192 0.0000307162 0.0000504482
1403715904.48406 0.197844 -1.618158 1.307273 -0.769129 -0.249675 -0.566812 0.157562 0.0000016968 0.0000000384 -0.0000003315 0.0000008737 0.0000001445 0.0000008940 0.0000669436 -0.0000065605 -0.0000155232 0.0001446859 0.0000317837 0.0000507424
1403715904.53406 0.211351 -1.614391 1.336565 -0.762562 -0.265487 -0.566744 0.163760 0.0000017095 0.0000000466 -0.0000003441 0.0000008218 0.0000001230 0.0000008645 0.0000657379 -0.0000063346 -0.0000145699 0.0001453497 0.0000329459 0.0000509656
1403715904.58406 0.229389 -1.601256 1.352759 -0.755096 -0.281199 -0.567458 0.169555 0.0000017178 0.0000000566 -0.0000003601 0.0000007893 0.0000001148 0.0000008286 0.0000659585 -0.0000057275 -0.0000141404 0.0001454059 0.0000339474 0.0000511374
1403715904.63406 0.235804 -1.595958 1.373764 -0.747536 -0.295819 -0.567989 0.176268 0.0000017247 0.0000000708 -0.0000003737 0.0000007609 0.0000001033 0.0000007975 0.0000663722 -0.0000050710 -0.0000138397 0.0001453385 0.0000346320 0.0000512918
1403715904.68406 0.243330 -1.580433 1.389788 -0.739861 -0.309404 -0.568132 0.184665 0.0000017326 0.0000000808 -0.0000003836 0.0000007291 0.0000000928 0.0000007681 0.0000668597 -0.0000045472 -0.0000136821 0.0001451121 0.0000350058 0.0000514524
1403715904.73406 0.246685 -1.564280 1.405086 -0.734074 -0.320430 -0.565132 0.197701 0.0000017354 0.0000000791 -0.0000003987 0.0000006961 0.0000000834 0.0000007352 0.0000675979 -0.0000044172 -0.0000138899 0.0001436814 0.0000348128 0.0000510958
1403715904.78406 0.253256 -1.538994 1.405709 -0.729177 -0.331089 -0.559516 0.213594 0.0000017404 0.0000000719 -0.0000004114 0.0000006365 0.0000000733 0.0000007118 0.0000668767 -0.0000052368 -0.0000141394 0.0001415845 0.0000342925 0.0000508644
1403715904.83406 0.267361 -1.507348 1.411101 -0.725010 -0.342625 -0.551834 0.229015 0.0000017490 0.0000000599 -0.0000004211 0.0000006053 0.0000000712 0.0000007020 0.0000668989 -0.0000052309 -0.0000142968 0.0001411020 0.0000340102 0.0000508858
1403715904.88406 0.272690 -1.484645 1.404422 -0.718255 -0.355099 -0.545788 0.245215 0.0000017583 0.0000000552 -0.0000004292 0.0000005574 0.0000000677 0.0000006866 0.0000658721 -0.0000062271 -0.0000148176 0.0001389601 0.0000329484 0.0000504981
1403715904.93406 0.282488 -1.463436 1.387176 -0.709867 -0.368585 -0.540619 0.260700 0.0000017751 0.0000000464 -0.0000004306 0.0000005183 0.0000000637 0.0000006687 0.0000646941 -0.0000072542 -0.0000149115 0.0001365377 0.0000315582 0.0000494190
1403715904.98406 0.293573 -1.438461 1.372022 -0.700757 -0.382636 -0.535033 0.276168 0.0000017942 0.0000000369 -0.0000004309 0.0000005031 0.0000000628 0.0000006562 0.0000645930 -0.0000073546 -0.0000149766 0.0001358516 0.0000309172 0.0000491247
1403715905.03406 0.300695 -1.412704 1.358666 -0.689353 -0.397460 -0.531495 0.290398 0.0000018166 0.0000000351 -0.0000004263 0.0000004969 0.0000000593 0.0000006427 0.0000649977 -0.0000075234 -0.0000155244 0.0001351628 0.0000301415 0.0000491712
1403715905.08406 0.306307 -1.388331 1.342363 -0.677243 -0.412026 -0.528445 0.303846 0.0000018408 0.0000000351 -0.0000004200 0.0000004982 0.0000000559 0.0000006292 0.0000658682 -0.0000071691 -0.0000158950 0.0001353813 0.0000296303 0.0000493726
1403715905.13406 0.311247 -1.366885 1.322614 -0.664537 -0.425223 -0.526125 0.317441 0.0000018668 0.0000000327 -0.0000004103 0.0000004907 0.0000000519 0.0000006109 0.0000661294 -0.0000076189 -0.0000164071 0.0001345670 0.0000289637 0.0000496794
1403715905.18406 0.313722 -1.347761 1.301157 -0.651287 -0.438836 -0.525229 0.327693 0.0000014424 0.0000000084 -0.0000003081 0.0000004414 0.0000000516 0.0000005690 0.0000662863 -0.0000078921 -0.0000165667 0.0001324690 0.0000284333 0.0000499702
1403715905.23406 0.314340 -1.331930 1.279099 -0.639651 -0.451936 -0.522859 0.336481 0.0000014601 0.0000000144 -0.0000003054 0.0000004468 0.0000000500 0.0000005579 0.0000676409 -0.0000070238 -0.0000167984 0.0001335048 0.0000280083 0.0000504226
1403715905.28406 0.313103 -1.318656 1.256162 -0.631591 -0.467270 -0.516705 0.340247 0.0000014685 0.0000000245 -0.0000003161 0.0000004526 0.0000000470 0.0000005600 0.0000692394 -0.0000059399 -0.0000169830 0.0001354898 0.0000278365 0.0000510352
1403715905.33406 0.310066 -1.321265 1.230605 -0.626214 -0.481729 -0.507527 0.343816 0.0000011790 0.0000000216 -0.0000002220 0.0000004242 0.0000000525 0.0000004652 0.0000675190 -0.0000072059 -0.0000170825 0.0001318741 0.0000268771 0.0000511517
1403715905.38406 0.306789 -1.317423 1.207319 -0.621026 -0.496299 -0.498245 0.346072 0.0000011823 0.0000000261 -0.0000002381 0.0000004240 0.0000000540 0.0000004545 0.0000682822 -0.0000062373 -0.0000171164 0.0001327340 0.0000264645 0.0000517658
1403715905.43406 0.298186 -1.309588 1.186633 -0.615073 -0.509588 -0.489639 0.349655 0.0000011869 0.0000000292 -0.0000002511 0.0000004279 0.0000000546 0.0000004547 0.0000696261 -0.0000049515 -0.0000172091 0.0001348399 0.0000260788 0.0000525015
1403715905.48406 0.292684 -1.303686 1.165774 -0.610433 -0.522434 -0.479081 0.353433 0.0000011888 0.0000000312 -0.0000002697 0.0000004166 0.0000000501 0.0000004394 0.0000696155 -0.0000048958 -0.0000172069 0.0001341328 0.0000258245 0.0000532644
1403715905.53406 0.283541 -1.295253 1.145626 -0.604633 -0.535134 -0.469896 0.356720 0.0000010710 0.0000000873 -0.0000002227 0.0000003626 0.0000000196 0.0000003945 0.0000472139 0.0000003900 -0.0000087585 0.0001180898 0.0000243969 0.0000506442
1403715905.58406 0.269988 -1.293335 1.125696 -0.599948 -0.545706 -0.458285 0.363653 0.0000010748 0.0000000811 -0.0000002370 0.0000003339 0.0000000161 0.0000003948 0.0000465276 -0.0000016854 -0.0000087044 0.0001126427 0.0000240976 0.0000516013
1403715905.63406 0.259834 -1.282270 1.107523 -0.596468 -0.554075 -0.444201 0.374050 0.0000009070 0.0000000935 -0.0000001553 0.0000002949 -0.0000000024 0.0000003358 0.0000458735 -0.0000028746 -0.0000080438 0.0001090355 0.0000241997 0.0000520615
1403715905.68406 0.239759 -1.287326 1.089756 -0.592366 -0.561516 -0.429681 0.386234 0.0000009139 0.0000000797 -0.0000001666 0.0000002874 -0.0000000018 0.0000003338 0.0000459839 -0.0000031100 -0.0000077882 0.0001080724 0.0000241944 0.0000531780
1403715905.73406 0.220792 -1.289911 1.072199 -0.587137 -0.570300 -0.414994 0.397251 0.0000009178 0.0000000651 -0.0000001791 0.0000002677 -0.0000000015 0.0000003311 0.0000453256 -0.0000051847 -0.0000070179 0.0001028410 0.0000251983 0.0000540016
1403715905.78406 0.205490 -1.285922 1.052893 -0.579335 -0.579903 -0.401582 0.408430 0.0000009230 0.0000000551 -0.0000001890 0.0000002604 -0.0000000012 0.0000003260 0.0000453507 -0.0000056629 -0.0000063601 0.0001014517 0.0000258121 0.0000548612
1403715905.83406 0.191946 -1.279823 1.030607 -0.570698 -0.591548 -0.386724 0.418115 0.0000009270 0.0000000477 -0.0000001998 0.0000002583 -0.0000000010 0.0000003275 0.0000457068 -0.0000056038 -0.0000057495 0.0001015661 0.0000261185 0.0000559232
1403715905.88406 0.173472 -1.283548 1.016017 -0.560916 -0.605798 -0.371428 0.424762 0.0000009273 0.0000000424 -0.0000002144 0.0000002534 -0.0000000020 0.0000003316 0.0000460553 -0.0000057116 -0.0000049513 0.0001012737 0.0000267611 0.0000567462
1403715905.93406 0.157156 -1.283683 0.999425 -0.550792 -0.621278 -0.355001 0.429670 0.0000009252 0.0000000385 -0.0000002317 0.0000002518 -0.0000000039 0.0000003368 0.0000466133 -0.0000054858 -0.0000041948 0.0001015280 0.0000270288 0.0000578750
1403715905.98406 0.141865 -1.281330 0.982727 -0.538266 -0.638430 -0.340263 0.432317 0.0000009215 0.0000000398 -0.0000002486 0.0000002504 -0.0000000066 0.0000003453 0.0000472496 -0.0000052505 -0.0000033207 0.0001020834 0.0000272833 0.0000589530
1403715906.03406 0.125954 -1.277440 0.967322 -0.523790 -0.655299 -0.326716 0.435298 0.0000009104 0.0000000418 -0.0000002442 0.0000002491 -0.0000000087 0.0000003134 0.0000478987 -0.0000050172 -0.0000026566 0.0001028273 0.0000275668 0.0000595315
1403715906.08406 0.111776 -1.273917 0.952232 -0.506764 -0.670748 -0.315754 0.439985 0.0000008164 0.0000000400 -0.0000002305 0.0000002467 -0.0000000152 0.0000003079 0.0000486227 -0.0000043574 -0.0000018261 0.0001025369 0.0000278932 0.0000610136
1403715906.13406 0.097713 -1.271600 0.936835 -0.485658 -0.685166 -0.309474 0.445993 0.0000008177 0.0000000471 -0.0000002372 0.0000002454 -0.0000000221 0.0000003048 0.0000493604 -0.0000037882 -0.0000008928 0.0001027806 0.0000278438 0.0000624638
1403715906.18406 0.082979 -1.262840 0.924087 -0.462011 -0.697737 -0.306328 0.453731 0.0000008261 0.0000000581 -0.0000002362 0.0000002469 -0.0000000288 0.0000003009 0.0000503934 -0.0000033069 0.0000001029 0.0001036628 0.0000277512 0.0000642520
1403715906.23406 0.066218 -1.252888 0.910397 -0.437485 -0.709807 -0.303247 0.461327 0.0000008334 0.0000000710 -0.0000002347 0.0000002450 -0.0000000325 0.0000002967 0.0000512166 -0.0000032193 0.0000012468 0.0001043765 0.0000277999 0.0000655650
1403715906.28406 0.043277 -1.248187 0.897067 -0.415577 -0.720721 -0.296202 0.469172 0.0000008397 0.0000000777 -0.0000002358 0.0000002395 -0.0000000337 0.0000002950 0.0000520688 -0.0000033888 0.0000024085 0.0001046285 0.0000276027 0.0000668671
1403715906.33406 0.019207 -1.241461 0.884795 -0.393713 -0.732015 -0.288306 0.475419 0.0000008444 0.0000000855 -0.0000002386 0.0000002349 -0.0000000339 0.0000002937 0.0000529215 -0.0000036906 0.0000036589 0.0001049949 0.0000277389 0.0000679992
1403715906.38406 -0.004110 -1.236884 0.868556 -0.372802 -0.742497 -0.279128 0.481461 0.0000008486 0.0000000900 -0.0000002419 0.0000002269 -0.0000000343 0.0000002942 0.0000539435 -0.0000042597 0.0000047448 0.0001043329 0.0000270253 0.0000691562
1403715906.43406 -0.032057 -1.241043 0.848088 -0.352639 -0.751331 -0.268962 0.488679 0.0000008534 0.0000000894 -0.0000002444 0.0000002118 -0.0000000317 0.0000002932 0.0000549037 -0.0000053226 0.0000055900 0.0001015304 0.0000253287 0.0000699174
1403715906.48406 -0.059218 -1.241612 0.832936 -0.332949 -0.757904 -0.258326 0.497990 0.0000008625 0.0000000894 -0.0000002438 0.0000002045 -0.0000000284 0.0000002905 0.0000563338 -0.0000059665 0.0000070070 0.0001007260 0.0000246573 0.0000712468
1403715906.53406 -0.085282 -1.235220 0.821945 -0.313044 -0.764360 -0.248432 0.506003 0.0000008707 0.0000000914 -0.0000002432 0.0000002015 -0.0000000269 0.0000002887 0.0000581867 -0.0000062811 0.0000087723 0.0001007887 0.0000245412 0.0000728177
1403715906.58406 -0.117216 -1.246758 0.807878 -0.295320 -0.769654 -0.235126 0.514913 0.0000008785 0.0000000863 -0.0000002441 0.0000001887 -0.0000000194 0.0000002858 0.0000595344 -0.0000077094 0.0000100006 0.0000984006 0.0000228939 0.0000736646
1403715906.63406 -0.142493 -1.243856 0.809397 -0.279716 -0.773787 -0.219117 0.524404 0.0000008893 0.0000000783 -0.0000002450 0.0000001838 -0.0000000144 0.0000002842 0.0000616589 -0.0000082223 0.0000117394 0.0000981753 0.0000224292 0.0000749123
1403715906.68406 -0.170731 -1.240870 0.808700 -0.265112 -0.777025 -0.201636 0.534127 0.0000009010 0.0000000674 -0.0000002456 0.0000001798 -0.0000000087 0.0000002815 0.0000636829 -0.0000085320 0.0000129283 0.0000980976 0.0000222746 0.0000749161
1403715906.73406 -0.199379 -1.238656 0.811024 -0.249940 -0.781085 -0.184257 0.541743 0.0000009105 0.0000000579 -0.0000002485 0.0000001751 -0.0000000046 0.0000002801 0.0000655937 -0.0000086748 0.0000136964 0.0000980326 0.0000223582 0.0000744002
1403715906.78406 -0.227900 -1.239233 0.817182 -0.234221 -0.785608 -0.166702 0.547879 0.0000009184 0.0000000492 -0.0000002531 0.0000001722 -0.0000000007 0.0000002792 0.0000674531 -0.0000088870 0.0000143386 0.0000980560 0.0000222371 0.0000740282
1403715906.83406 -0.256461 -1.239642 0.823759 -0.217414 -0.789419 -0.149371 0.554290 0.0000009270 0.0000000416 -0.0000002571 0.0000001705 0.0000000022 0.0000002748 0.0000679317 -0.0000088573 0.0000132630 0.0000982366 0.0000222715 0.0000718214
1403715906.88406 -0.285598 -1.239038 0.826613 -0.199384 -0.792943 -0.133223 0.560124 0.0000009361 0.0000000363 -0.0000002597 0.0000001718 0.0000000037 0.0000002718 0.0000694802 -0.0000089808 0.0000133630 0.0000986250 0.0000219403 0.0000712929
1403715906.93406 -0.312974 -1.238884 0.828456 -0.179565 -0.795829 -0.118694 0.565972 0.0000007581 0.0000000276 -0.0000002093 0.0000001726 0.0000000054 0.0000002533 0.0000704402 -0.0000086405 0.0000131602 0.0000986009 0.0000216809 0.0000705906
1403715906.98406 -0.337501 -1.238461 0.828826 -0.159737 -0.797993 -0.104178 0.571698 0.0000007668 0.0000000260 -0.0000002099 0.0000001738 0.0000000057 0.0000002498 0.0000725799 -0.0000088378 0.0000137051 0.0000991091 0.0000212121 0.0000707382
1403715907.03406 -0.360420 -1.238315 0.826827 -0.137940 -0.800962 -0.091920 0.575312 0.0000007739 0.0000000286 -0.0000002121 0.0000001759 0.0000000042 0.0000002477 0.0000749339 -0.0000090913 0.0000143034 0.0000997340 0.0000206297 0.0000710137
1403715907.08406 -0.393132 -1.235150 0.813177 -0.113805 -0.805118 -0.081985 0.576291 0.0000007786 0.0000000357 -0.0000002163 0.0000001742 0.0000000027 0.0000002461 0.0000774725 -0.0000093799 0.0000149058 0.0001001291 0.0000202481 0.0000710979
1403715907.13406 -0.419757 -1.235493 0.805606 -0.088566 -0.808589 -0.072480 0.577136 0.0000007827 0.0000000442 -0.0000002210 0.0000001724 -0.0000000013 0.0000002464 0.0000793135 -0.0000090946 0.0000143443 0.0001005647 0.0000203436 0.0000699032
1403715907.18406 -0.443281 -1.240620 0.805029 -0.062717 -0.810932 -0.062068 0.578449 0.0000007873 0.0000000521 -0.0000002248 0.0000001664 -0.0000000020 0.0000002450 0.0000821632 -0.0000087430 0.0000145407 0.0001004306 0.0000208686 0.0000691256
1403715907.23406 -0.463239 -1.245960 0.806668 -0.038053 -0.813030 -0.048463 0.578951 0.0000007917 0.0000000559 -0.0000002297 0.0000001632 -0.0000000031 0.0000002460 0.0000853595 -0.0000084192 0.0000151667 0.0001008030 0.0000207824 0.0000693125
1403715907.28406 -0.480443 -1.255407 0.815072 -0.014271 -0.814151 -0.032881 0.579546 0.0000007968 0.0000000562 -0.0000002346 0.0000001536 -0.0000000003 0.0000002426 0.0000869951 -0.0000073145 0.0000145036 0.0000997827 0.0000222895 0.0000675628
1403715907.33406 -0.499860 -1.263524 0.823295 0.009518 -0.814536 -0.017983 0.579755 0.0000008021 0.0000000577 -0.0000002390 0.0000001517 0.0000000001 0.0000002424 0.0000904798 -0.0000066346 0.0000150392 0.0000997570 0.0000225789 0.0000676706
1403715907.38406 -0.513016 -1.276224 0.837403 0.033540 -0.813235 -0.003061 0.580960 0.0000008086 0.0000000593 -0.0000002422 0.0000001460 0.0000000015 0.0000002389 0.0000924052 -0.0000053901 0.0000147336 0.0000992939 0.0000233909 0.0000670903
1403715907.43406 -0.532393 -1.286631 0.848954 0.057839 -0.811738 0.009033 0.581080 0.0000008142 0.0000000647 -0.0000002455 0.0000001466 0.0000000003 0.0000002376 0.0000959926 -0.0000046630 0.0000155978 0.0000993318 0.0000235377 0.0000676124
1403715907.48406 -0.552411 -1.298243 0.860502 0.080543 -0.809919 0.021680 0.580580 0.0000005854 0.0000000482 -0.0000001783 0.0000001481 0.0000000046 0.0000002160 0.0001001616 -0.0000034696 0.0000165162 0.0000990442 0.0000235128 0.0000680220
1403715907.53406 -0.571878 -1.311885 0.872495 0.102148 -0.807859 0.033404 0.579494 0.0000005892 0.0000000500 -0.0000001814 0.0000001482 0.0000000033 0.0000002148 0.0001026701 -0.0000024939 0.0000161689 0.0000992681 0.0000236573 0.0000678045
1403715907.58406 -0.590558 -1.326910 0.884497 0.121746 -0.805647 0.045812 0.577938 0.0000005935 0.0000000501 -0.0000001846 0.0000001486 0.0000000019 0.0000002143 0.0001055032 -0.0000015116 0.0000159410 0.0000996543 0.0000236148 0.0000679546
1403715907.63406 -0.617739 -1.342240 0.890519 0.139086 -0.802944 0.059397 0.576548 0.0000005979 0.0000000460 -0.0000001868 0.0000001432 0.0000000005 0.0000002125 0.0001019069 -0.0000000397 0.0000122869 0.0001000357 0.0000238209 0.0000662403
1403715907.68406 -0.631107 -1.360053 0.903977 0.154984 -0.798899 0.073145 0.576532 0.0000006041 0.0000000421 -0.0000001873 0.0000001370 -0.0000000009 0.0000002093 0.0000968365 0.0000011680 0.0000085719 0.0001005659 0.0000237421 0.0000650184
1403715907.73406 -0.645469 -1.379628 0.916299 0.169042 -0.794056 0.088493 0.577122 0.0000006118 0.0000000368 -0.0000001856 0.0000001303 -0.0000000014 0.0000002036 0.0000897798 0.0000020497 0.0000042179 0.0001011445 0.0000233793 0.0000637101
1403715907.78406 -0.657277 -1.401075 0.926837 0.183084 -0.788841 0.103187 0.577549 0.0000006201 0.0000000323 -0.0000001844 0.0000001266 -0.0000000008 0.0000001995 0.0000870652 0.0000029043 0.0000021401 0.0001018315 0.0000229212 0.0000636172
1403715907.83406 -0.662363 -1.422200 0.940413 0.197015 -0.783004 0.117476 0.578177 0.0000006288 0.0000000286 -0.0000001825 0.0000001207 -0.0000000012 0.0000001954 0.0000809451 0.0000034908 -0.0000006902 0.0001025955 0.0000223501 0.0000633651
1403715907.88406 -0.678365 -1.445246 0.948278 0.210237 -0.777959 0.132697 0.577037 0.0000006368 0.0000000231 -0.0000001819 0.0000001168 0.0000000002 0.0000001932 0.0000776172 0.0000041178 -0.0000019115 0.0001034396 0.0000218297 0.0000637531
1403715907.93406 -0.681415 -1.467128 0.958727 0.222029 -0.772885 0.149899 0.575223 0.0000006451 0.0000000157 -0.0000001810 0.0000001165 0.0000000033 0.0000001913 0.0000783247 0.0000051530 -0.0000023317 0.0001044813 0.0000213120 0.0000642708
1403715907.98406 -0.682803 -1.488931 0.969464 0.235336 -0.767682 0.166140 0.572433 0.0000006524 0.0000000099 -0.0000001806 0.0000001155 0.0000000049 0.0000001892 0.0000771874 0.0000057950 -0.0000030155 0.0001055202 0.0000207116 0.0000645417
1403715908.03406 -0.681560 -1.509615 0.978473 0.249254 -0.762209 0.182492 0.568863 0.0000006595 0.0000000044 -0.0000001805 0.0000001144 0.0000000060 0.0000001877 0.0000758096 0.0000062554 -0.0000036047 0.0001066242 0.0000200403 0.0000650538
1403715908.08406 -0.680623 -1.530135 0.986937 0.264751 -0.756133 0.197539 0.564933 0.0000006663 0.0000000007 -0.0000001807 0.0000001149 0.0000000073 0.0000001869 0.0000758652 0.0000070798 -0.0000040611 0.0001079434 0.0000193690 0.0000654851
1403715908.13406 -0.679080 -1.549925 0.993468 0.280344 -0.748745 0.213242 0.561530 0.0000006742 -0.0000000028 -0.0000001796 0.0000001163 0.0000000087 0.0000001854 0.0000770398 0.0000081879 -0.0000042934 0.0001094818 0.0000187171 0.0000659825
1403715908.18406 -0.675436 -1.568262 0.997614 0.297801 -0.742011 0.227200 0.555980 0.0000006801 -0.0000000041 -0.0000001811 0.0000001168 0.0000000091 0.0000001857 0.0000772940 0.0000089603 -0.0000044764 0.0001110484 0.0000180234 0.0000665323
1403715908.23406 -0.668697 -1.585012 1.002954 0.315317 -0.734412 0.241913 0.550175 0.0000006864 -0.0000000057 -0.0000001821 0.0000001172 0.0000000096 0.0000001852 0.0000772539 0.0000093336 -0.0000039484 0.0001123867 0.0000177808 0.0000664819
1403715908.28406 -0.665890 -1.603458 1.007981 0.333586 -0.726655 0.255770 0.543392 0.0000006918 -0.0000000057 -0.0000001840 0.0000001139 0.0000000088 0.0000001844 0.0000728696 0.0000072596 -0.0000018603 0.0001123542 0.0000184762 0.0000657971
1403715908.33406 -0.661050 -1.620401 1.013469 0.351610 -0.718673 0.269503 0.535955 0.0000006973 -0.0000000069 -0.0000001863 0.0000001152 0.0000000092 0.0000001850 0.0000733867 0.0000077587 -0.0000015819 0.0001139567 0.0000180553 0.0000661155
1403715908.38406 -0.655102 -1.635227 1.017702 0.369875 -0.710425 0.282810 0.527738 0.0000005394 -0.0000000058 -0.0000001452 0.0000001149 0.0000000084 0.0000001732 0.0000721892 0.0000071690 -0.0000004503 0.0001143783 0.0000182586 0.0000660084
1403715908.43406 -0.641706 -1.645716 1.021151 0.387781 -0.700873 0.296438 0.520123 0.0000005444 -0.0000000067 -0.0000001464 0.0000001126 0.0000000072 0.0000001719 0.0000693811 0.0000051615 0.0000007618 0.0001142072 0.0000185596 0.0000662217
1403715908.48406 -0.639928 -1.667030 1.030348 0.405953 -0.690916 0.309714 0.511776 0.0000005492 -0.0000000075 -0.0000001480 0.0000001116 0.0000000064 0.0000001685 0.0000679668 0.0000035469 0.0000019147 0.0001132517 0.0000196564 0.0000650685
1403715908.53406 -0.627898 -1.679957 1.037620 0.424805 -0.679295 0.322228 0.504250 0.0000005545 -0.0000000068 -0.0000001491 0.0000001113 0.0000000056 0.0000001669 0.0000673187 0.0000027702 0.0000022143 0.0001135963 0.0000196737 0.0000649315
1403715908.58406 -0.617511 -1.690086 1.043046 0.443030 -0.667613 0.335345 0.495541 0.0000005597 -0.0000000073 -0.0000001503 0.0000001107 0.0000000050 0.0000001660 0.0000665092 0.0000019029 0.0000021190 0.0001141933 0.0000192778 0.0000647648
1403715908.63406 -0.606268 -1.698219 1.048940 0.462214 -0.653860 0.346361 0.488732 0.0000004189 -0.0000000072 -0.0000001118 0.0000001054 0.0000000041 0.0000001554 0.0000660810 0.0000011161 0.0000026569 0.0001146214 0.0000190978 0.0000649895
1403715908.68406 -0.594308 -1.704653 1.053710 0.479880 -0.639610 0.358606 0.481681 0.0000004243 -0.0000000066 -0.0000001115 0.0000001058 0.0000000037 0.0000001545 0.0000662214 0.0000004219 0.0000030877 0.0001152346 0.0000190368 0.0000650581
1403715908.73406 -0.580178 -1.708046 1.057548 0.496391 -0.624899 0.370877 0.474918 0.0000004301 -0.0000000060 -0.0000001107 0.0000001058 0.0000000031 0.0000001530 0.0000663785 -0.0000004936 0.0000035665 0.0001154484 0.0000190440 0.0000651472
1403715908.78406 -0.566310 -1.710045 1.060697 0.511086 -0.611162 0.384211 0.466534 0.0000004357 -0.0000000070 -0.0000001099 0.0000001060 0.0000000030 0.0000001517 0.0000668085 -0.0000013029 0.0000041294 0.0001155073 0.0000192394 0.0000652634
1403715908.83406 -0.555004 -1.715695 1.063454 0.525390 -0.597635 0.396502 0.457803 0.0000004411 -0.0000000078 -0.0000001096 0.0000001055 0.0000000023 0.0000001503 0.0000672404 -0.0000023959 0.0000046480 0.0001146351 0.0000195483 0.0000652869
1403715908.88406 -0.541734 -1.715354 1.063537 0.540032 -0.585352 0.407137 0.447178 0.0000004452 -0.0000000085 -0.0000001108 0.0000001054 0.0000000020 0.0000001499 0.0000678774 -0.0000030210 0.0000050299 0.0001139155 0.0000200390 0.0000651479
1403715908.93406 -0.527194 -1.712659 1.063250 0.555606 -0.574240 0.415585 0.434556 0.0000004479 -0.0000000094 -0.0000001140 0.0000001051 0.0000000017 0.0000001505 0.0000685184 -0.0000034201 0.0000052740 0.0001123145 0.0000208923 0.0000648692
1403715908.98406 -0.511886 -1.713765 1.064238 0.572383 -0.561896 0.421436 0.423134 0.0000004504 -0.0000000080 -0.0000001176 0.0000001052 0.0000000008 0.0000001518 0.0000691682 -0.0000035871 0.0000053734 0.0001114719 0.0000213919 0.0000647022
1403715909.03406 -0.496187 -1.711257 1.064144 0.588571 -0.548945 0.426454 0.412771 0.0000004531 -0.0000000059 -0.0000001209 0.0000001058 0.0000000002 0.0000001542 0.0000699471 -0.0000038744 0.0000055141 0.0001117072 0.0000215036 0.0000646922
1403715909.08406 -0.477284 -1.709545 1.064412 0.604049 -0.536349 0.430963 0.402151 0.0000004554 -0.0000000042 -0.0000001249 0.0000001061 -0.0000000006 0.0000001536 0.0000698615 -0.0000031050 0.0000049921 0.0001102803 0.0000224169 0.0000641713
1403715909.13406 -0.457547 -1.708527 1.064557 0.618730 -0.522480 0.435347 0.393270 0.0000004586 -0.0000000015 -0.0000001276 0.0000001064 -0.0000000019 0.0000001541 0.0000701858 -0.0000028052 0.0000047867 0.0001094573 0.0000228140 0.0000639919
1403715909.18406 -0.437582 -1.706376 1.063295 0.631602 -0.510665 0.440838 0.382049 0.0000004614 -0.0000000015 -0.0000001308 0.0000001066 -0.0000000021 0.0000001559 0.0000707198 -0.0000026431 0.0000046802 0.0001089350 0.0000230836 0.0000639202
1403715909.23406 -0.414796 -1.702496 1.062470 0.643541 -0.497806 0.446152 0.372818 0.0000004650 -0.0000000005 -0.0000001329 0.0000001069 -0.0000000029 0.0000001566 0.0000711714 -0.0000022646 0.0000045188 0.0001084671 0.0000234122 0.0000638632
1403715909.28406 -0.393763 -1.694185 1.059882 0.653700 -0.486473 0.453080 0.361578 0.0000004688 -0.0000000021 -0.0000001349 0.0000001074 -0.0000000022 0.0000001586 0.0000720421 -0.0000024036 0.0000044741 0.0001086999 0.0000234546 0.0000638697
1403715909.33406 -0.371546 -1.686891 1.057073 0.663482 -0.473561 0.459128 0.353174 0.0000004736 -0.0000000015 -0.0000001359 0.0000001081 -0.0000000025 0.0000001592 0.0000729375 -0.0000022906 0.0000044167 0.0001088895 0.0000235950 0.0000639093
1403715909.38406 -0.347479 -1.677776 1.054146 0.673186 -0.460733 0.464230 0.345017 0.0000004779 -0.0000000005 -0.0000001374 0.0000001086 -0.0000000031 0.0000001601 0.0000736712 -0.0000020049 0.0000042278 0.0001089762 0.0000237691 0.0000639119
1403715909.43406 -0.320321 -1.670945 1.050773 0.682330 -0.447627 0.469406 0.337216 0.0000004826 0.0000000005 -0.0000001386 0.0000001090 -0.0000000041 0.0000001607 0.0000743868 -0.0000014368 0.0000039832 0.0001089093 0.0000240050 0.0000639218
1403715909.48406 -0.294450 -1.659897 1.046174 0.691424 -0.432204 0.474106 0.332199 0.0000004881 0.0000000042 -0.0000001387 0.0000001089 -0.0000000060 0.0000001610 0.0000755835 -0.0000011215 0.0000038229 0.0001089336 0.0000240688 0.0000639683
1403715909.53406 -0.266688 -1.650061 1.040053 0.701064 -0.416212 0.478019 0.326765 0.0000004932 0.0000000085 -0.0000001391 0.0000001095 -0.0000000081 0.0000001613 0.0000768164 -0.0000006175 0.0000036246 0.0001092308 0.0000242124 0.0000640494
1403715909.58406 -0.238225 -1.638667 1.032584 0.711185 -0.399918 0.481539 0.320001 0.0000004974 0.0000000126 -0.0000001404 0.0000001097 -0.0000000102 0.0000001630 0.0000782291 -0.0000000480 0.0000033942 0.0001094353 0.0000243051 0.0000641420
1403715909.63406 -0.208355 -1.626234 1.024781 0.720034 -0.383430 0.487316 0.311537 0.0000005026 0.0000000145 -0.0000001408 0.0000001097 -0.0000000117 0.0000001634 0.0000795578 0.0000007528 0.0000030618 0.0001097703 0.0000244542 0.0000642457
1403715909.68406 -0.175732 -1.611835 1.017043 0.727438 -0.367266 0.495592 0.300563 0.0000005087 0.0000000139 -0.0000001404 0.0000001095 -0.0000000118 0.0000001635 0.0000811427 0.0000015255 0.0000026952 0.0001101987 0.0000245549 0.0000643783
1403715909.73406 -0.141717 -1.596018 1.008124 0.735890 -0.350841 0.502476 0.287913 0.0000005137 0.0000000130 -0.0000001413 0.0000001092 -0.0000000118 0.0000001651 0.0000829000 0.0000023540 0.0000022502 0.0001107243 0.0000246256 0.0000645263
1403715909.78406 -0.106742 -1.577979 0.999184 0.743256 -0.334186 0.511096 0.273259 0.0000005196 0.0000000106 -0.0000001413 0.0000001089 -0.0000000108 0.0000001661 0.0000849581 0.0000031658 0.0000017742 0.0001113325 0.0000246284 0.0000647136
1403715909.83406 -0.069712 -1.558871 0.990020 0.750785 -0.315309 0.519770 0.258344 0.0000005258 0.0000000090 -0.0000001407 0.0000001090 -0.0000000098 0.0000001671 0.0000872538 0.0000041137 0.0000012340 0.0001122136 0.0000246400 0.0000649400
1403715909.88406 -0.032030 -1.535500 0.981196 0.756173 -0.296428 0.531501 0.240499 0.0000005334 0.0000000046 -0.0000001384 0.0000001086 -0.0000000075 0.0000001669 0.0000898143 0.0000050849 0.0000006258 0.0001127990 0.0000244601 0.0000651662
1403715909.93406 0.005006 -1.512765 0.972000 0.759941 -0.276531 0.544890 0.221621 0.0000005424 -0.0000000007 -0.0000001341 0.0000001084 -0.0000000051 0.0000001654 0.0000926330 0.0000063689 -0.0000000372 0.0001138732 0.0000243954 0.0000654731
1403715909.98406 0.042466 -1.486979 0.963098 0.763555 -0.254796 0.557673 0.202639 0.0000005513 -0.0000000047 -0.0000001293 0.0000001084 -0.0000000032 0.0000001637 0.0000956761 0.0000077660 -0.0000007950 0.0001151745 0.0000243010 0.0000657992
1403715910.03406 0.078590 -1.461729 0.952897 0.767639 -0.231468 0.568706 0.183644 0.0000005596 -0.0000000070 -0.0000001252 0.0000001088 -0.0000000016 0.0000001628 0.0000990219 0.0000093682 -0.0000016232 0.0001167565 0.0000241934 0.0000661866
1403715910.08406 0.113299 -1.434014 0.942766 0.772569 -0.206796 0.577224 0.164876 0.0000005669 -0.0000000073 -0.0000001227 0.0000001091 -0.0000000002 0.0000001628 0.0001026265 0.0000112128 -0.0000025045 0.0001182940 0.0000239056 0.0000665772
1403715910.13406 0.146617 -1.405647 0.931244 0.778716 -0.182196 0.582304 0.146039 0.0000005725 -0.0000000067 -0.0000001229 0.0000001095 0.0000000009 0.0000001643 0.0001064854 0.0000132729 -0.0000034815 0.0001201607 0.0000236175 0.0000670323
1403715910.18406 0.178423 -1.375534 0.920083 0.784805 -0.158196 0.585638 0.126821 0.0000005774 -0.0000000064 -0.0000001244 0.0000001099 0.0000000022 0.0000001662 0.0001104984 0.0000156372 -0.0000045128 0.0001221150 0.0000231577 0.0000674741
1403715910.23406 0.208582 -1.345928 0.907867 0.791032 -0.134128 0.586601 0.110351 0.0000005816 -0.0000000038 -0.0000001273 0.0000001108 0.0000000026 0.0000001688 0.0001146648 0.0000181057 -0.0000056932 0.0001247300 0.0000227842 0.0000680464
1403715910.28406 0.237797 -1.314168 0.896433 0.794983 -0.111554 0.588957 0.093210 0.0000005867 -0.0000000031 -0.0000001286 0.0000001107 0.0000000032 0.0000001700 0.0001184796 0.0000208676 -0.0000069762 0.0001275152 0.0000223400 0.0000686687
1403715910.33406 0.263491 -1.284593 0.885494 0.797594 -0.090236 0.591346 0.077524 0.0000005922 -0.0000000021 -0.0000001293 0.0000001112 0.0000000036 0.0000001706 0.0001223761 0.0000237002 -0.0000083647 0.0001305890 0.0000217393 0.0000693213
1403715910.38406 0.287657 -1.252219 0.876152 0.798352 -0.069687 0.594779 0.063367 0.0000005988 -0.0000000006 -0.0000001283 0.0000001127 0.0000000042 0.0000001706 0.0001269570 0.0000266642 -0.0000099316 0.0001342021 0.0000210841 0.0000700864
1403715910.43406 0.311215 -1.221656 0.865579 0.797013 -0.050098 0.599804 0.049962 0.0000006067 0.0000000009 -0.0000001250 0.0000001143 0.0000000049 0.0000001694 0.0001319626 0.0000300424 -0.0000115523 0.0001381053 0.0000202398 0.0000709077
1403715910.48406 0.332572 -1.189963 0.855774 0.794866 -0.031151 0.604817 0.037601 0.0000006148 0.0000000030 -0.0000001214 0.0000001160 0.0000000053 0.0000001680 0.0001371928 0.0000336420 -0.0000133048 0.0001425218 0.0000192983 0.0000718160
1403715910.53406 0.338432 -1.162780 0.849022 0.792468 -0.012958 0.609256 0.025182 0.0000006219 0.0000000042 -0.0000001188 0.0000001161 0.0000000049 0.0000001657 0.0001395745 0.0000361472 -0.0000154174 0.0001464920 0.0000179332 0.0000725182
1403715910.58406 0.346364 -1.140382 0.839617 0.790666 0.004181 0.612098 0.012887 0.0000006280 0.0000000054 -0.0000001180 0.0000001164 0.0000000049 0.0000001633 0.0001415528 0.0000387960 -0.0000169935 0.0001494939 0.0000159577 0.0000728020
1403715910.63406 0.362912 -1.108207 0.827714 0.789913 0.020263 0.612885 0.000356 0.0000006329 0.0000000059 -0.0000001198 0.0000001140 0.0000000046 0.0000001609 0.0001396074 0.0000416052 -0.0000171053 0.0001521907 0.0000140922 0.0000727876
1403715910.68406 0.383527 -1.074650 0.815587 -0.789500 -0.035903 -0.612586 0.011796 0.0000006377 0.0000000066 -0.0000001220 0.0000001130 0.0000000043 0.0000001595 0.0001388712 0.0000443958 -0.0000174949 0.0001562111 0.0000125634 0.0000730773
1403715910.73406 0.402500 -1.044889 0.804500 -0.789665 -0.050295 -0.610957 0.025120 0.0000006421 0.0000000057 -0.0000001253 0.0000001121 0.0000000045 0.0000001590 0.0001380698 0.0000473136 -0.0000177167 0.0001604792 0.0000109402 0.0000732967
1403715910.78406 0.405104 -1.013319 0.800168 -0.788727 -0.065175 -0.610163 0.036916 0.0000006471 0.0000000064 -0.0000001271 0.0000001112 0.0000000042 0.0000001580 0.0001365491 0.0000499743 -0.0000176605 0.0001652573 0.0000094433 0.0000734537
1403715910.83406 0.406195 -0.982121 0.796941 -0.787134 -0.079569 -0.609649 0.049164 0.0000006527 0.0000000066 -0.0000001281 0.0000001090 0.0000000038 0.0000001566 0.0001315564 0.0000514810 -0.0000162907 0.0001697847 0.0000083429 0.0000731471
1403715910.88406 0.403960 -0.952333 0.794362 -0.785684 -0.093788 -0.608380 0.061471 0.0000006580 0.0000000062 -0.0000001298 0.0000001077 0.0000000031 0.0000001552 0.0001271309 0.0000516888 -0.0000152488 0.0001738628 0.0000076759 0.0000730189
1403715910.93406 0.399162 -0.917673 0.790834 -0.784166 -0.108032 -0.606571 0.074056 0.0000006629 0.0000000052 -0.0000001321 0.0000001069 0.0000000025 0.0000001538 0.0001219744 0.0000503256 -0.0000137715 0.0001767073 0.0000075986 0.0000726727
1403715910.98406 0.392867 -0.887810 0.787961 -0.783276 -0.121758 -0.603373 0.087142 0.0000006671 0.0000000033 -0.0000001358 0.0000001067 0.0000000021 0.0000001530 0.0001168637 0.0000479532 -0.0000121649 0.0001784042 0.0000079289 0.0000722763
1403715911.03406 0.384175 -0.858820 0.785313 -0.780655 -0.135308 -0.601844 0.100266 0.0000006726 0.0000000014 -0.0000001371 0.0000001071 0.0000000022 0.0000001522 0.0001138683 0.0000467429 -0.0000113216 0.0001812174 0.0000077868 0.0000721593
1403715911.08406 0.366842 -0.837278 0.785044 -0.776213 -0.148727 -0.602003 0.113867 0.0000006796 -0.0000000005 -0.0000001354 0.0000001080 0.0000000022 0.0000001507 0.0001131772 0.0000471182 -0.0000113898 0.0001857224 0.0000069196 0.0000724368
1403715911.13406 0.349053 -0.813805 0.784269 -0.770861 -0.161890 -0.602829 0.127132 0.0000006870 -0.0000000023 -0.0000001329 0.0000001073 0.0000000010 0.0000001476 0.0001097431 0.0000445533 -0.0000106561 0.0001872806 0.0000068916 0.0000724957
1403715911.18406 0.326269 -0.798205 0.784912 -0.765698 -0.175525 -0.602648 0.140404 0.0000006937 -0.0000000038 -0.0000001316 0.0000001070 0.0000000001 0.0000001450 0.0001065531 0.0000414501 -0.0000099032 0.0001876231 0.0000070859 0.0000725271
1403715911.23406 0.314938 -0.760961 0.779462 -0.760750 -0.189932 -0.601443 0.153140 0.0000006997 -0.0000000048 -0.0000001315 0.0000001068 -0.0000000009 0.0000001426 0.0001030747 0.0000369493 -0.0000088904 0.0001851006 0.0000079458 0.0000723984
1403715911.28406 0.303415 -0.717595 0.772413 -0.756876 -0.205312 -0.598150 0.164932 0.0000007051 -0.0000000043 -0.0000001335 0.0000001074 -0.0000000017 0.0000001424 0.0001007636 0.0000335002 -0.0000081060 0.0001837261 0.0000085693 0.0000723369
1403715911.33406 0.291101 -0.678239 0.765081 -0.753746 -0.220013 -0.593287 0.177404 0.0000007100 -0.0000000054 -0.0000001369 0.0000001078 -0.0000000022 0.0000001428 0.0000987409 0.0000298717 -0.0000074029 0.0001814517 0.0000092649 0.0000723268
1403715911.38406 0.276028 -0.634803 0.757638 -0.750880 -0.234472 -0.587583 0.189603 0.0000007141 -0.0000000072 -0.0000001409 0.0000001085 -0.0000000023 0.0000001442 0.0000972548 0.0000266502 -0.0000068683 0.0001794438 0.0000097771 0.0000723872
1403715911.43406 0.256531 -0.592933 0.749613 -0.748205 -0.248986 -0.581201 0.201001 0.0000007179 -0.0000000083 -0.0000001457 0.0000001094 -0.0000000024 0.0000001461 0.0000966751 0.0000243346 -0.0000066436 0.0001783399 0.0000099733 0.0000725842
1403715911.48406 0.238734 -0.550846 0.738658 -0.746813 -0.262736 -0.572899 0.212193 0.0000007201 -0.0000000109 -0.0000001525 0.0000001098 -0.0000000018 0.0000001497 0.0000956209 0.0000215502 -0.0000060719 0.0001771408 0.0000104105 0.0000725995
1403715911.53406 0.208945 -0.528523 0.733036 -0.745756 -0.275981 -0.564075 0.222492 0.0000007219 -0.0000000135 -0.0000001601 0.0000001104 -0.0000000009 0.0000001552 0.0000954882 0.0000203514 -0.0000059606 0.0001801597 0.0000096988 0.0000729544
1403715911.58406 0.179279 -0.503175 0.726012 -0.745500 -0.290434 -0.553813 0.230584 0.0000007220 -0.0000000145 -0.0000001707 0.0000001108 -0.0000000006 0.0000001615 0.0000951363 0.0000179211 -0.0000055621 0.0001789327 0.0000099557 0.0000730808
1403715911.63406 0.150923 -0.483157 0.717959 -0.743785 -0.305512 -0.545112 0.237274 0.0000007232 -0.0000000127 -0.0000001795 0.0000001117 -0.0000000007 0.0000001670 0.0000951191 0.0000160795 -0.0000052618 0.0001787989 0.0000099042 0.0000732737
1403715911.68406 0.116808 -0.463665 0.713008 -0.741344 -0.321306 -0.537127 0.242211 0.0000007243 -0.0000000088 -0.0000001882 0.0000001122 -0.0000000016 0.0000001740 0.0000953166 0.0000144567 -0.0000050213 0.0001811588 0.0000092750 0.0000736170
1403715911.73406 0.085959 -0.435565 0.706994 -0.736590 -0.337686 -0.531947 0.245836 0.0000007270 -0.0000000015 -0.0000001942 0.0000001133 -0.0000000039 0.0000001786 0.0000960643 0.0000128662 -0.0000049693 0.0001814737 0.0000088502 0.0000740699
1403715911.78406 0.052275 -0.394794 0.703408 -0.731242 -0.353203 -0.527487 0.249581 0.0000007292 0.0000000054 -0.0000002000 0.0000001136 -0.0000000061 0.0000001813 0.0000962380 0.0000108300 -0.0000044081 0.0001774051 0.0000093815 0.0000740832
1403715911.83406 0.015626 -0.376396 0.708044 -0.725806 -0.366720 -0.522901 0.255531 0.0000007328 0.0000000091 -0.0000002040 0.0000001143 -0.0000000072 0.0000001847 0.0000968792 0.0000088851 -0.0000039304 0.0001778320 0.0000091238 0.0000742953
1403715911.88406 -0.019369 -0.358150 0.713957 -0.719597 -0.379231 -0.519441 0.261809 0.0000007381 0.0000000121 -0.0000002059 0.0000001148 -0.0000000084 0.0000001872 0.0000975938 0.0000059723 -0.0000031663 0.0001769525 0.0000097320 0.0000741659
1403715911.93406 -0.055736 -0.340323 0.723723 -0.714016 -0.390360 -0.515511 0.268418 0.0000007432 0.0000000135 -0.0000002082 0.0000001156 -0.0000000088 0.0000001896 0.0000989080 0.0000038271 -0.0000027454 0.0001768824 0.0000098516 0.0000742681
