# timestamp(s) tx ty tz qx qy qz qw Pr11 Pr12 Pr13 Pr22 Pr23 Pr33 Pt11 Pt12 Pt13 Pt22 Pt23 Pt33
1403715893.38406 0.000037 -0.001025 -0.002712 0.824435 -0.030588 0.563468 0.043294 0.0003719830 -0.0000343959 0.0003365972 0.0012387511 0.0000133367 0.0011096048 0.0016709966 -0.0000000000 -0.0000001982 0.0016709971 0.0000011856 0.0002546829
1403715893.43406 0.000989 -0.001000 -0.002191 0.823708 -0.030692 0.564554 0.042908 0.0004217026 -0.0000336074 0.0003347191 0.0012903169 0.0000129320 0.0011628220 0.0024170512 -0.0000000001 -0.0000017378 0.0024170524 0.0000013848 0.0003130913
1403715893.48406 0.001862 -0.000720 0.000493 0.820243 -0.030315 0.569713 0.041343 0.0004699292 -0.0000311876 0.0003255869 0.0013470086 0.0000115648 0.0012273983 0.0034066815 -0.0000000003 -0.0000037482 0.0034066837 0.0000011050 0.0003787054
1403715893.53406 0.002969 0.000302 0.004305 0.815076 -0.030174 0.577273 0.038682 0.0005196277 -0.0000266159 0.0003118058 0.0014088196 0.0000093332 0.0013003450 0.0046883850 -0.0000000011 -0.0000069465 0.0046883884 -0.0000010423 0.0004519546
1403715893.58406 0.004825 0.001816 0.009130 0.810292 -0.030394 0.584102 0.036454 0.0005758044 -0.0000223432 0.0002988696 0.0014755561 0.0000074423 0.0013768072 0.0063189283 -0.0000000034 -0.0000130895 0.0063189326 -0.0000053202 0.0005333146
1403715893.63406 0.006367 0.004164 0.014599 0.806020 -0.031599 0.590094 0.033490 0.0006384928 -0.0000158709 0.0002872943 0.0015473220 0.0000050752 0.0014566082 0.0083596812 -0.0000000064 -0.0000199389 0.0083596840 -0.0000135805 0.0006232867
1403715893.68406 0.007478 0.006990 0.019914 0.804237 -0.032204 0.592617 0.031157 0.0007113067 -0.0000113266 0.0002824472 0.0016239381 0.0000036190 0.0015363268 0.0108744368 -0.0000000088 -0.0000267875 0.0108744325 -0.0000259071 0.0007224104
1403715893.73406 0.008362 0.009728 0.026005 0.803753 -0.033326 0.593321 0.028995 0.0007916964 -0.0000066192 0.0002812586 0.0017055012 0.0000022202 0.0016184766 0.0139454575 -0.0000000107 -0.0000339871 0.0139454345 -0.0000409543 0.0008312561
1403715893.78406 0.008589 0.012707 0.032888 0.804331 -0.033497 0.592535 0.028844 0.0008791126 -0.0000062208 0.0002829039 0.0017919734 0.0000021852 0.0017036801 0.0176578312 -0.0000000051 -0.0000391287 0.0176577788 -0.0000605124 0.0009504349
1403715893.83406 0.008540 0.016251 0.039864 0.806964 -0.032323 0.588926 0.030493 0.0009755296 -0.0000103876 0.0002900650 0.0018833647 0.0000036440 0.0017900159 0.0220971873 0.0000000202 -0.0000431579 0.0220970684 -0.0000871908 0.0010806298
1403715893.88406 0.008004 0.019988 0.046841 0.810805 -0.032890 0.583594 0.030514 0.0010796848 -0.0000102573 0.0003006904 0.0019798405 0.0000038024 0.0018786332 0.0273616906 0.0000000695 -0.0000441495 0.0273614604 -0.0001201821 0.0012225223
1403715893.93406 -0.010741 0.049942 0.055333 0.809334 -0.033271 0.585346 0.035219 0.0005905549 0.0000788220 -0.0001831827 0.0001795498 0.0000454319 0.0002902818 0.0035893694 0.0014334758 -0.0004119104 0.0019050228 0.0000934171 0.0011652600
1403715893.98406 -0.010239 0.043557 0.055631 0.812899 -0.031140 0.580651 0.032701 0.0003441977 0.0000539478 -0.0001431420 0.0001122076 -0.0000112095 0.0001556330 0.0016592155 0.0003234543 -0.0006841379 0.0008452527 -0.0000484138 0.0011555912
1403715894.03406 -0.023895 0.045383 0.066150 0.816739 -0.032709 0.575207 0.031695 0.0001944266 0.0000021336 -0.0000611315 0.0000857363 0.0000111793 0.0000982818 0.0013311429 0.0000160539 -0.0005168802 0.0005939441 0.0001142164 0.0010569779
1403715894.08406 -0.018617 0.050765 0.071722 0.821762 -0.030124 0.568149 0.031722 0.0001408541 0.0000104553 -0.0000117696 0.0000886671 0.0000042670 0.0000554990 0.0009818580 0.0000501091 -0.0003505821 0.0006471283 0.0001190845 0.0010755165
1403715894.13406 -0.043771 0.071753 0.091968 0.822897 -0.032465 0.565966 0.038321 0.0001096915 0.0000131612 0.0000054997 0.0000752493 0.0000059908 0.0000301593 0.0004220418 -0.0000116072 -0.0001008009 0.0006093780 0.0001639312 0.0010077698
1403715894.18406 -0.055894 0.079158 0.114190 0.821672 -0.028556 0.567582 0.043474 0.0000518683 0.0000122445 0.0000065205 0.0000365732 0.0000022345 0.0000156998 0.0001875606 -0.0000081831 -0.0000782797 0.0003639730 0.0001201455 0.0006373875
1403715894.23406 -0.057074 0.082015 0.116801 0.818156 -0.025187 0.572498 0.047257 0.0000415907 0.0000111885 0.0000053793 0.0000351315 0.0000032015 0.0000140476 0.0001522190 0.0000214148 -0.0000343318 0.0003228200 0.0000920485 0.0006020869
1403715894.28406 -0.059543 0.093527 0.125666 0.814900 -0.021549 0.576694 0.053821 0.0000384240 0.0000117338 0.0000047516 0.0000339738 0.0000035074 0.0000134938 0.0001413045 0.0000298029 -0.0000122055 0.0003156662 0.0001012260 0.0005743481
1403715894.33406 -0.062814 0.088743 0.133680 0.812895 -0.017402 0.579358 0.056950 0.0000341347 0.0000120044 0.0000040322 0.0000313929 0.0000029885 0.0000125408 0.0001305626 0.0000408078 0.0000089220 0.0002818010 0.0001025098 0.0005254755
1403715894.38406 -0.069016 0.088696 0.158865 0.813100 -0.014541 0.578774 0.060651 0.0000202475 0.0000064975 0.0000018148 0.0000204702 0.0000001929 0.0000113524 0.0001123912 0.0000408069 0.0000071060 0.0001967589 0.0000313159 0.0003055906
1403715894.43406 -0.075204 0.096141 0.170160 0.813506 -0.013992 0.578010 0.062584 0.0000149779 0.0000048594 0.0000015645 0.0000186401 -0.0000001093 0.0000108475 0.0000990657 0.0000385219 0.0000065198 0.0001641255 0.0000097535 0.0002414131
1403715894.48406 -0.079762 0.107898 0.178816 0.815239 -0.015348 0.575574 0.062162 0.0000117344 0.0000035561 0.0000016609 0.0000173234 -0.0000003975 0.0000105975 0.0000902359 0.0000388937 0.0000108041 0.0001412630 0.0000046361 0.0002086945
1403715894.53406 -0.082286 0.124733 0.188955 0.817931 -0.017922 0.571857 0.060391 0.0000116931 0.0000033114 0.0000018327 0.0000171223 -0.0000004279 0.0000104683 0.0000849190 0.0000374657 0.0000145532 0.0001414687 0.0000052973 0.0001960062
1403715894.58406 -0.084288 0.142563 0.196028 0.820014 -0.020030 0.568872 0.059673 0.0000112854 0.0000028858 0.0000019823 0.0000165630 -0.0000004448 0.0000103555 0.0000812678 0.0000370889 0.0000211149 0.0001374735 0.0000073714 0.0001872575
1403715894.63406 -0.085154 0.159306 0.204906 0.821720 -0.022013 0.566524 0.057811 0.0000109581 0.0000023277 0.0000021453 0.0000158144 -0.0000003672 0.0000101891 0.0000814818 0.0000377661 0.0000261114 0.0001370471 0.0000067340 0.0001759607
1403715894.68406 -0.086257 0.177447 0.216915 0.823750 -0.024809 0.563802 0.054298 0.0000105548 0.0000018434 0.0000023228 0.0000149453 -0.0000002011 0.0000100269 0.0000815664 0.0000379248 0.0000290131 0.0001341270 0.0000091471 0.0001626251
1403715894.73406 -0.083497 0.200055 0.233467 0.824171 -0.027387 0.563330 0.051500 0.0000105694 0.0000016896 0.0000023788 0.0000144203 -0.0000001340 0.0000099633 0.0000816007 0.0000387936 0.0000311534 0.0001337357 0.0000129495 0.0001508687
1403715894.78406 -0.079481 0.222938 0.245634 0.823340 -0.030311 0.564694 0.048094 0.0000101280 0.0000012975 0.0000024963 0.0000140109 -0.0000000600 0.0000099439 0.0000816601 0.0000382679 0.0000326014 0.0001314122 0.0000127233 0.0001415964
1403715894.83406 -0.075824 0.246433 0.256421 0.821514 -0.032175 0.567474 0.045300 0.0000101796 0.0000012819 0.0000025039 0.0000138155 -0.0000000897 0.0000099749 0.0000823525 0.0000391931 0.0000345523 0.0001314659 0.0000138110 0.0001352756
1403715894.88406 -0.069153 0.271982 0.274021 0.819811 -0.033390 0.569993 0.043627 0.0000102908 0.0000012126 0.0000025341 0.0000135787 -0.0000001022 0.0000100058 0.0000829391 0.0000407475 0.0000355075 0.0001343882 0.0000151714 0.0001284717
1403715894.93406 -0.065094 0.296560 0.287739 0.817962 -0.033722 0.572667 0.043049 0.0000103376 0.0000013229 0.0000024841 0.0000132954 -0.0000001272 0.0000100331 0.0000829467 0.0000415261 0.0000352813 0.0001325393 0.0000177795 0.0001186034
1403715894.98406 -0.058523 0.321024 0.305211 0.816761 -0.034233 0.574431 0.041929 0.0000104554 0.0000014415 0.0000024508 0.0000131174 -0.0000001936 0.0000100619 0.0000833194 0.0000434209 0.0000346924 0.0001333706 0.0000195838 0.0001101786
1403715895.03406 -0.050134 0.346033 0.327411 0.816471 -0.035099 0.574844 0.041203 0.0000105718 0.0000016224 0.0000024023 0.0000126282 -0.0000002381 0.0000100769 0.0000835756 0.0000465796 0.0000327666 0.0001336936 0.0000238613 0.0000986142
1403715895.08406 -0.044501 0.370037 0.343751 0.816324 -0.034943 0.575025 0.041711 0.0000104776 0.0000017113 0.0000023469 0.0000124763 -0.0000002489 0.0000100696 0.0000850428 0.0000492991 0.0000332412 0.0001322184 0.0000258033 0.0000949516
1403715895.13406 -0.039579 0.394342 0.357499 0.816324 -0.036112 0.575064 0.040153 0.0000105499 0.0000017753 0.0000022681 0.0000124792 -0.0000002675 0.0000100714 0.0000870575 0.0000515378 0.0000350363 0.0001330526 0.0000267638 0.0000945283
1403715895.18406 -0.033198 0.422764 0.370306 0.816375 -0.037077 0.574972 0.039543 0.0000106070 0.0000017545 0.0000021849 0.0000124651 -0.0000003102 0.0000100776 0.0000888749 0.0000530424 0.0000360625 0.0001339788 0.0000260363 0.0000927461
1403715895.23406 -0.028883 0.452505 0.381662 0.816530 -0.038431 0.574743 0.038368 0.0000104578 0.0000016448 0.0000021513 0.0000123245 -0.0000003177 0.0000100351 0.0000895821 0.0000535899 0.0000352795 0.0001328086 0.0000248814 0.0000887193
1403715895.28406 -0.026536 0.476278 0.393093 0.816268 -0.038393 0.575140 0.038031 0.0000102360 0.0000015773 0.0000021096 0.0000122322 -0.0000002507 0.0000099586 0.0000900888 0.0000544844 0.0000346457 0.0001299142 0.0000255453 0.0000860360
1403715895.33406 -0.022815 0.506566 0.403772 0.816345 -0.038686 0.575008 0.038088 0.0000101017 0.0000014835 0.0000020761 0.0000121064 -0.0000001851 0.0000098968 0.0000900028 0.0000552050 0.0000329688 0.0001287562 0.0000254335 0.0000823371
1403715895.38406 -0.020297 0.532026 0.413843 0.816052 -0.038543 0.575438 0.038017 0.0000098545 0.0000013542 0.0000020794 0.0000120541 -0.0000001638 0.0000098757 0.0000906275 0.0000545987 0.0000323445 0.0001270955 0.0000240512 0.0000803008
1403715895.43406 -0.013583 0.561050 0.429152 0.816172 -0.038933 0.575206 0.038554 0.0000098266 0.0000013033 0.0000019877 0.0000120691 -0.0000001879 0.0000098796 0.0000926208 0.0000547640 0.0000329109 0.0001267517 0.0000230431 0.0000796498
1403715895.48406 -0.009588 0.586813 0.441488 0.816632 -0.039288 0.574553 0.038164 0.0000098455 0.0000012273 0.0000019581 0.0000119865 -0.0000002064 0.0000098703 0.0000931750 0.0000546508 0.0000311430 0.0001280488 0.0000211365 0.0000760338
1403715895.53406 -0.004293 0.610508 0.456276 0.816898 -0.039700 0.574164 0.037922 0.0000098955 0.0000011907 0.0000019291 0.0000119233 -0.0000001840 0.0000098429 0.0000939309 0.0000550148 0.0000296965 0.0001295791 0.0000204646 0.0000726723
1403715895.58406 0.001041 0.638983 0.468912 0.817585 -0.040887 0.573124 0.037577 0.0000100054 0.0000012172 0.0000018595 0.0000119102 -0.0000002242 0.0000098354 0.0000959052 0.0000558142 0.0000295111 0.0001314980 0.0000203555 0.0000709605
1403715895.63406 0.005479 0.663830 0.482119 0.817251 -0.040517 0.573587 0.038179 0.0000101162 0.0000011975 0.0000018253 0.0000118426 -0.0000001897 0.0000098038 0.0000966638 0.0000570211 0.0000276997 0.0001342728 0.0000204465 0.0000678207
1403715895.68406 0.009069 0.688281 0.494150 0.817511 -0.040660 0.573207 0.038159 0.0000101226 0.0000011395 0.0000018050 0.0000117639 -0.0000001576 0.0000097538 0.0000962966 0.0000572260 0.0000254923 0.0001359318 0.0000201912 0.0000649834
1403715895.73406 0.009604 0.712238 0.501973 0.817584 -0.041013 0.573106 0.037745 0.0000102066 0.0000011513 0.0000017294 0.0000117369 -0.0000001521 0.0000097266 0.0000975006 0.0000582300 0.0000245112 0.0001373905 0.0000205871 0.0000633873
1403715895.78406 0.014988 0.739384 0.513832 0.817831 -0.041412 0.572709 0.037967 0.0000103148 0.0000011494 0.0000016490 0.0000117528 -0.0000001889 0.0000097296 0.0000997928 0.0000587728 0.0000245832 0.0001400995 0.0000201355 0.0000631688
1403715895.83406 0.015815 0.764209 0.521517 0.817678 -0.041313 0.572939 0.037906 0.0000103116 0.0000010818 0.0000016114 0.0000116540 -0.0000001901 0.0000096895 0.0000985881 0.0000582861 0.0000217295 0.0001410506 0.0000193865 0.0000606933
1403715895.88406 0.015842 0.792924 0.527441 0.817619 -0.040824 0.573019 0.038488 0.0000103134 0.0000010428 0.0000015749 0.0000115797 -0.0000001233 0.0000096176 0.0000980406 0.0000588449 0.0000193918 0.0001405719 0.0000200955 0.0000584857
1403715895.93406 0.020623 0.820235 0.537811 0.817306 -0.041179 0.573465 0.038121 0.0000103427 0.0000009961 0.0000015361 0.0000115323 -0.0000001099 0.0000095980 0.0000979665 0.0000586826 0.0000175958 0.0001419574 0.0000195808 0.0000571849
1403715895.98406 0.023603 0.846902 0.547287 0.817477 -0.042237 0.573235 0.036715 0.0000103036 0.0000009366 0.0000015294 0.0000114810 -0.0000001020 0.0000095810 0.0000974358 0.0000575397 0.0000156501 0.0001427749 0.0000186223 0.0000558727
1403715896.03406 0.029666 0.872720 0.558709 0.817766 -0.043394 0.572812 0.035536 0.0000103437 0.0000009012 0.0000014895 0.0000114175 -0.0000001063 0.0000095772 0.0000963880 0.0000566901 0.0000131989 0.0001449533 0.0000178879 0.0000540576
1403715896.08406 0.032362 0.897618 0.567623 0.817859 -0.045064 0.572723 0.032618 0.0000104265 0.0000009097 0.0000014499 0.0000114059 -0.0000001187 0.0000095726 0.0000977218 0.0000568261 0.0000124819 0.0001486455 0.0000181031 0.0000535086
1403715896.13406 0.031784 0.919714 0.573175 0.818047 -0.047176 0.572490 0.028774 0.0000104587 0.0000008951 0.0000014353 0.0000113667 -0.0000001348 0.0000095647 0.0000974655 0.0000565694 0.0000111021 0.0001529284 0.0000182866 0.0000528850
1403715896.18406 0.033952 0.940746 0.579962 0.817346 -0.050055 0.573457 0.024252 0.0000106144 0.0000009340 0.0000013951 0.0000113608 -0.0000001734 0.0000095759 0.0000995046 0.0000578486 0.0000110971 0.0001590148 0.0000190984 0.0000532127
1403715896.23406 0.032861 0.955211 0.584386 0.816542 -0.054229 0.574473 0.017272 0.0000105905 0.0000009132 0.0000013404 0.0000112779 -0.0000002097 0.0000095681 0.0000972418 0.0000564505 0.0000093267 0.0001600495 0.0000192681 0.0000526033
1403715896.28406 0.032715 0.966193 0.589497 0.814534 -0.058984 0.577038 0.009138 0.0000106238 0.0000009087 0.0000013063 0.0000112142 -0.0000002317 0.0000095720 0.0000963890 0.0000555164 0.0000075923 0.0001608407 0.0000187993 0.0000518495
1403715896.33406 0.031688 0.982981 0.594161 0.812366 -0.065175 0.579495 0.000571 0.0000105556 0.0000009132 0.0000012210 0.0000111420 -0.0000002509 0.0000095432 0.0000951990 0.0000525564 0.0000052831 0.0001510108 0.0000165081 0.0000503891
1403715896.38406 0.032702 0.995514 0.601042 -0.811006 0.070324 -0.580748 0.007404 0.0000106024 0.0000009321 0.0000011149 0.0000111087 -0.0000002970 0.0000095381 0.0000961485 0.0000500967 0.0000039435 0.0001462509 0.0000142891 0.0000497418
1403715896.43406 0.030847 1.010690 0.608792 -0.809322 0.074246 -0.582510 0.012950 0.0000103756 0.0000008963 0.0000010461 0.0000109878 -0.0000002758 0.0000094784 0.0000903260 0.0000463598 -0.0000004349 0.0001281290 0.0000110182 0.0000477498
1403715896.48406 0.028399 1.020975 0.614951 -0.807831 0.077804 -0.583949 0.018947 0.0000104278 0.0000009042 0.0000009771 0.0000109537 -0.0000002763 0.0000093945 0.0000905488 0.0000455124 -0.0000016065 0.0001211922 0.0000094120 0.0000474535
1403715896.53406 0.029903 1.031740 0.624073 -0.806036 0.080297 -0.585960 0.022570 0.0000103736 0.0000008978 0.0000009191 0.0000109136 -0.0000002656 0.0000092867 0.0000887836 0.0000440896 -0.0000032348 0.0001147476 0.0000082567 0.0000469211
1403715896.58406 0.031906 1.044579 0.634455 -0.803880 0.083063 -0.588384 0.026123 0.0000102857 0.0000009067 0.0000007617 0.0000108998 -0.0000002721 0.0000091544 0.0000883608 0.0000417494 -0.0000036590 0.0001089705 0.0000078820 0.0000468700
1403715896.63406 0.027981 1.045208 0.645108 -0.801627 0.084732 -0.591081 0.028956 0.0000102468 0.0000009100 0.0000006945 0.0000108760 -0.0000002502 0.0000090005 0.0000872778 0.0000412207 -0.0000051258 0.0001047087 0.0000077820 0.0000468476
1403715896.68406 0.026118 1.041869 0.655048 -0.800056 0.085554 -0.593013 0.030429 0.0000102718 0.0000009204 0.0000005873 0.0000108778 -0.0000002582 0.0000088784 0.0000878463 0.0000403484 -0.0000055481 0.0001020785 0.0000077940 0.0000472470
1403715896.73406 0.025539 1.040423 0.666052 -0.799355 0.086849 -0.593664 0.032432 0.0000102142 0.0000008832 0.0000005764 0.0000108638 -0.0000002686 0.0000087354 0.0000850163 0.0000393234 -0.0000066019 0.0000995905 0.0000071934 0.0000475912
1403715896.78406 0.017508 1.035864 0.674588 -0.800357 0.087798 -0.592060 0.034431 0.0000103088 0.0000008753 0.0000004762 0.0000108398 -0.0000003217 0.0000085819 0.0000846329 0.0000381505 -0.0000075284 0.0000959236 0.0000061022 0.0000477326
1403715896.83406 0.011141 1.025801 0.685207 -0.802078 0.089489 -0.589268 0.037754 0.0000103024 0.0000008960 0.0000004228 0.0000108141 -0.0000003608 0.0000084077 0.0000838647 0.0000381675 -0.0000083431 0.0000898715 0.0000046461 0.0000475065
1403715896.88406 0.003206 1.005984 0.695528 -0.803471 0.091698 -0.586768 0.041594 0.0000102265 0.0000008802 0.0000004163 0.0000107902 -0.0000004178 0.0000081912 0.0000814868 0.0000374919 -0.0000090210 0.0000878206 0.0000029894 0.0000470546
1403715896.93406 -0.006455 0.983615 0.706363 -0.804643 0.094751 -0.584239 0.047287 0.0000102379 0.0000008613 0.0000003413 0.0000107666 -0.0000004730 0.0000079863 0.0000795283 0.0000370450 -0.0000096733 0.0000881059 0.0000017341 0.0000461348
1403715896.98406 -0.016412 0.957783 0.716442 -0.805432 0.099004 -0.581850 0.054113 0.0000101092 0.0000008597 0.0000002491 0.0000107320 -0.0000005424 0.0000077903 0.0000778250 0.0000366179 -0.0000098899 0.0000893894 0.0000013203 0.0000453458
1403715897.03406 -0.030680 0.925340 0.726813 -0.805897 0.103272 -0.579727 0.061493 0.0000100568 0.0000008369 0.0000001611 0.0000107000 -0.0000006308 0.0000075094 0.0000761486 0.0000358443 -0.0000099339 0.0000906139 0.0000004691 0.0000445863
1403715897.08406 -0.044775 0.888967 0.739620 -0.806057 0.106795 -0.578211 0.067371 0.0000100104 0.0000007618 -0.0000000867 0.0000106508 -0.0000007810 0.0000070411 0.0000738960 0.0000357686 -0.0000089195 0.0000930335 0.0000000484 0.0000432690
1403715897.13406 -0.057935 0.845939 0.751145 -0.806000 0.108426 -0.577748 0.069390 0.0000099480 0.0000007149 -0.0000002224 0.0000106301 -0.0000008725 0.0000066603 0.0000719656 0.0000352631 -0.0000085034 0.0000953059 -0.0000003292 0.0000422658
1403715897.18406 -0.068598 0.798463 0.762713 -0.806051 0.108580 -0.577756 0.068481 0.0000100015 0.0000006931 -0.0000002874 0.0000106363 -0.0000009270 0.0000063502 0.0000714942 0.0000352562 -0.0000082543 0.0000982350 -0.0000007726 0.0000415466
1403715897.23406 -0.083087 0.741909 0.775532 -0.807478 0.105345 -0.576896 0.063821 0.0000099189 0.0000006313 -0.0000003847 0.0000106685 -0.0000009318 0.0000060724 0.0000690870 0.0000340380 -0.0000081938 0.0001007458 -0.0000009678 0.0000407374
1403715897.28406 -0.094667 0.684157 0.786007 -0.809496 0.098331 -0.576432 0.052662 0.0000100452 0.0000006061 -0.0000004280 0.0000107253 -0.0000009201 0.0000058584 0.0000693510 0.0000342301 -0.0000078694 0.0001047488 -0.0000012334 0.0000402709
1403715897.33406 -0.107468 0.620100 0.797830 -0.812197 0.088998 -0.575259 0.038632 0.0000101521 0.0000005703 -0.0000004782 0.0000107960 -0.0000008973 0.0000056238 0.0000697366 0.0000343495 -0.0000074539 0.0001089096 -0.0000015416 0.0000399115
1403715897.38406 -0.121402 0.552030 0.810688 -0.814763 0.078303 -0.574032 0.022721 0.0000102194 0.0000005270 -0.0000005442 0.0000108701 -0.0000008529 0.0000054017 0.0000697401 0.0000341322 -0.0000070871 0.0001132385 -0.0000018376 0.0000395681
1403715897.43406 -0.134623 0.482641 0.822020 -0.817201 0.070297 -0.571953 0.010484 0.0000099903 0.0000004021 -0.0000006513 0.0000108948 -0.0000007949 0.0000051339 0.0000661650 0.0000311991 -0.0000069735 0.0001158549 -0.0000021277 0.0000389689
1403715897.48406 -0.146706 0.412277 0.832662 -0.818107 0.063863 -0.571509 0.000687 0.0000100535 0.0000003518 -0.0000006251 0.0000109284 -0.0000007278 0.0000049503 0.0000659913 0.0000305186 -0.0000068489 0.0001207262 -0.0000027312 0.0000386238
1403715897.53406 -0.154404 0.340935 0.846626 0.819183 -0.060384 0.570318 0.005592 0.0000101385 0.0000002991 -0.0000005991 0.0000109371 -0.0000006567 0.0000047972 0.0000654083 0.0000298389 -0.0000069287 0.0001260321 -0.0000033454 0.0000382282
1403715897.58406 -0.164634 0.268734 0.857377 0.819598 -0.060231 0.569721 0.007014 0.0000103034 0.0000002954 -0.0000006202 0.0000109419 -0.0000006163 0.0000047400 0.0000659645 0.0000298567 -0.0000068435 0.0001319024 -0.0000038052 0.0000380091
1403715897.63406 -0.175496 0.195737 0.867276 0.819312 -0.062763 0.569886 0.004321 0.0000102876 0.0000002219 -0.0000006148 0.0000109287 -0.0000005975 0.0000046678 0.0000652672 0.0000280835 -0.0000067208 0.0001371353 -0.0000046035 0.0000378758
1403715897.68406 -0.185874 0.121936 0.875974 0.818917 -0.064967 0.570221 0.001504 0.0000103609 0.0000001827 -0.0000005768 0.0000109249 -0.0000005767 0.0000045564 0.0000660757 0.0000273518 -0.0000064675 0.0001434695 -0.0000053305 0.0000377567
1403715897.73406 -0.194074 0.050297 0.885751 -0.818114 0.070667 -0.570678 0.004794 0.0000103308 0.0000001167 -0.0000005712 0.0000109001 -0.0000005816 0.0000044318 0.0000653089 0.0000255216 -0.0000062749 0.0001492420 -0.0000060060 0.0000375773
1403715897.78406 -0.203646 -0.022899 0.895395 -0.816944 0.074480 -0.571815 0.009036 0.0000102353 0.0000000452 -0.0000005535 0.0000108802 -0.0000005792 0.0000043835 0.0000645118 0.0000233051 -0.0000062317 0.0001543442 -0.0000066707 0.0000374944
1403715897.83406 -0.217732 -0.104483 0.904120 -0.815314 0.076432 -0.573822 0.012236 0.0000098629 -0.0000001158 -0.0000005268 0.0000108292 -0.0000005744 0.0000043570 0.0000602803 0.0000181201 -0.0000066635 0.0001573219 -0.0000076341 0.0000373595
1403715897.88406 -0.229240 -0.185727 0.912735 -0.812929 0.077413 -0.577030 0.013774 0.0000099936 -0.0000001342 -0.0000005063 0.0000108303 -0.0000005850 0.0000043441 0.0000612994 0.0000170564 -0.0000062712 0.0001655776 -0.0000081325 0.0000374952
1403715897.93406 -0.241536 -0.268550 0.921799 -0.811454 0.074985 -0.579489 0.010605 0.0000099902 -0.0000001907 -0.0000004925 0.0000108160 -0.0000005808 0.0000043191 0.0000606448 0.0000147835 -0.0000060906 0.0001727467 -0.0000086933 0.0000376049
1403715897.98406 -0.251957 -0.352113 0.930591 -0.809915 0.073283 -0.581893 0.008239 0.0000100863 -0.0000002196 -0.0000004745 0.0000107991 -0.0000005904 0.0000043081 0.0000606866 0.0000135002 -0.0000060291 0.0001816316 -0.0000092855 0.0000378104
1403715898.03406 -0.262730 -0.435398 0.939218 -0.807221 0.070047 -0.586071 0.003052 0.0000101205 -0.0000002697 -0.0000004182 0.0000107841 -0.0000005801 0.0000042929 0.0000608235 0.0000116282 -0.0000060160 0.0001907150 -0.0000100428 0.0000380548
1403715898.08406 -0.276676 -0.519962 0.946999 0.803092 -0.067408 0.592026 0.002155 0.0000102220 -0.0000003067 -0.0000003518 0.0000107761 -0.0000005620 0.0000042807 0.0000611867 0.0000099698 -0.0000059692 0.0002012170 -0.0000108175 0.0000383867
1403715898.13406 -0.292220 -0.608518 0.954672 0.799051 -0.065063 0.597673 0.008366 0.0000102930 -0.0000003521 -0.0000002881 0.0000107768 -0.0000005218 0.0000042724 0.0000617200 0.0000079018 -0.0000057361 0.0002126198 -0.0000116177 0.0000387913
1403715898.18406 -0.306982 -0.694720 0.961817 0.795208 -0.065533 0.602621 0.014074 0.0000104172 -0.0000003745 -0.0000002291 0.0000107818 -0.0000004753 0.0000042669 0.0000630012 0.0000063991 -0.0000055843 0.0002252601 -0.0000121953 0.0000391966
1403715898.23406 -0.322038 -0.779113 0.968125 0.792740 -0.066646 0.605526 0.021434 0.0000104964 -0.0000004076 -0.0000001920 0.0000107978 -0.0000003961 0.0000042672 0.0000650089 0.0000048121 -0.0000053896 0.0002389691 -0.0000130627 0.0000398051
1403715898.28406 -0.338436 -0.863733 0.972593 0.792092 -0.069401 0.605763 0.028729 0.0000106457 -0.0000004218 -0.0000002024 0.0000108190 -0.0000002967 0.0000042703 0.0000673909 0.0000037919 -0.0000050892 0.0002538297 -0.0000136253 0.0000403835
1403715898.33406 -0.352681 -0.946415 0.976080 0.792513 -0.073980 0.604267 0.036201 0.0000107293 -0.0000004479 -0.0000002457 0.0000108337 -0.0000001859 0.0000042756 0.0000691018 0.0000020766 -0.0000048130 0.0002678140 -0.0000138599 0.0000409126
1403715898.38406 -0.366765 -1.021722 0.975695 0.794157 -0.080031 0.600833 0.043690 0.0000107884 -0.0000004806 -0.0000003359 0.0000108366 -0.0000000606 0.0000042874 0.0000703132 -0.0000004852 -0.0000041172 0.0002793499 -0.0000131967 0.0000413059
1403715898.43406 -0.386941 -1.105767 0.976718 0.797181 -0.086931 0.595319 0.050408 0.0000108015 -0.0000005092 -0.0000004513 0.0000108401 0.0000000833 0.0000043103 0.0000720994 -0.0000021651 -0.0000040452 0.0002922288 -0.0000132143 0.0000418197
1403715898.48406 -0.405819 -1.188070 0.976841 0.800068 -0.095502 0.589551 0.056573 0.0000108285 -0.0000005385 -0.0000005783 0.0000108332 0.0000002256 0.0000043407 0.0000740804 -0.0000047729 -0.0000036080 0.0003035692 -0.0000122968 0.0000423773
1403715898.53406 -0.428022 -1.279296 0.977644 0.803253 -0.103688 0.583190 0.062633 0.0000108487 -0.0000005892 -0.0000007222 0.0000107856 0.0000003742 0.0000043857 0.0000753926 -0.0000083428 -0.0000027045 0.0003131467 -0.0000108986 0.0000430213
1403715898.58406 -0.451312 -1.362950 0.978263 0.804926 -0.112051 0.578529 0.069595 0.0000109000 -0.0000006225 -0.0000008360 0.0000107494 0.0000005176 0.0000044289 0.0000782677 -0.0000110340 -0.0000020732 0.0003222133 -0.0000089027 0.0000436794
1403715898.63406 -0.473843 -1.444158 0.976610 0.806256 -0.121208 0.573951 0.076427 0.0000109526 -0.0000006617 -0.0000009467 0.0000107028 0.0000006698 0.0000044823 0.0000813149 -0.0000132408 -0.0000015955 0.0003322213 -0.0000071911 0.0000444787
1403715898.68406 -0.496476 -1.529644 0.973879 0.804025 -0.130204 0.574062 0.083929 0.0000110623 -0.0000007068 -0.0000009773 0.0000106459 0.0000008139 0.0000045218 0.0000845310 -0.0000155641 -0.0000009497 0.0003456173 -0.0000057495 0.0000454520
1403715898.73406 -0.517137 -1.606289 0.967943 0.801685 -0.139518 0.574051 0.091117 0.0000111677 -0.0000007440 -0.0000009971 0.0000106095 0.0000009471 0.0000045601 0.0000882970 -0.0000171881 -0.0000007279 0.0003619473 -0.0000045375 0.0000465697
1403715898.78406 -0.536371 -1.690149 0.959230 0.800880 -0.147739 0.572016 0.097787 0.0000112727 -0.0000007820 -0.0000010662 0.0000105604 0.0000010704 0.0000046039 0.0000915621 -0.0000175684 -0.0000009744 0.0003778370 -0.0000034169 0.0000476595
1403715898.83406 -0.561044 -1.778344 0.946375 0.800056 -0.154830 0.570389 0.102927 0.0000113100 -0.0000008405 -0.0000011296 0.0000104624 0.0000011644 0.0000046467 0.0000927860 -0.0000188014 -0.0000009869 0.0003886771 -0.0000011705 0.0000488256
1403715898.88406 -0.582596 -1.859155 0.930468 0.799569 -0.160870 0.568454 0.108032 0.0000114176 -0.0000008745 -0.0000011883 0.0000103955 0.0000012426 0.0000046842 0.0000960452 -0.0000198989 -0.0000009537 0.0004059336 0.0000004254 0.0000504621
1403715898.93406 -0.604501 -1.945271 0.911897 0.799469 -0.166571 0.566412 0.110817 0.0000113878 -0.0000009824 -0.0000012582 0.0000102861 0.0000013132 0.0000047173 0.0000980707 -0.0000251328 0.0000000960 0.0004089323 0.0000043301 0.0000516123
1403715898.98406 -0.624904 -2.029472 0.889618 0.799543 -0.170420 0.564412 0.114572 0.0000114433 -0.0000010360 -0.0000013368 0.0000102014 0.0000013630 0.0000047397 0.0001015798 -0.0000292492 0.0000007223 0.0004158502 0.0000077347 0.0000531742
1403715899.03406 -0.646489 -2.115792 0.866545 0.798727 -0.173979 0.564101 0.116433 0.0000114277 -0.0000010821 -0.0000013888 0.0000101289 0.0000013915 0.0000047568 0.0001049942 -0.0000326545 0.0000011396 0.0004164785 0.0000115773 0.0000549056
1403715899.08406 -0.663419 -2.190865 0.839155 0.799879 -0.176980 0.561128 0.118348 0.0000112729 -0.0000010961 -0.0000014803 0.0000099840 0.0000014104 0.0000047744 0.0001060876 -0.0000356567 0.0000017337 0.0004093735 0.0000159474 0.0000567646
1403715899.13406 -0.681689 -2.268837 0.811972 0.802389 -0.180009 0.556463 0.118816 0.0000109741 -0.0000011096 -0.0000016138 0.0000097253 0.0000014139 0.0000047919 0.0001044140 -0.0000389895 0.0000025759 0.0003890838 0.0000205391 0.0000583620
1403715899.18406 -0.698234 -2.353052 0.784916 0.805868 -0.181803 0.550569 0.119991 0.0000109621 -0.0000010954 -0.0000017693 0.0000095943 0.0000014304 0.0000047915 0.0001081538 -0.0000401541 0.0000026905 0.0003896522 0.0000234082 0.0000604379
1403715899.23406 -0.716273 -2.433143 0.758939 0.810064 -0.181359 0.543759 0.123414 0.0000109237 -0.0000010668 -0.0000019454 0.0000094427 0.0000014441 0.0000048271 0.0001117738 -0.0000406235 0.0000028203 0.0003923661 0.0000259982 0.0000628202
1403715899.28406 -0.728457 -2.500934 0.736031 0.814081 -0.180452 0.537334 0.126420 0.0000109129 -0.0000010332 -0.0000021002 0.0000091256 0.0000014523 0.0000048673 0.0001090786 -0.0000448658 0.0000040377 0.0003976867 0.0000290431 0.0000651743
1403715899.33406 -0.740325 -2.573372 0.715238 0.819124 -0.179859 0.529455 0.127921 0.0000108688 -0.0000010230 -0.0000022922 0.0000089470 0.0000014630 0.0000049223 0.0001107568 -0.0000456039 0.0000045973 0.0004024016 0.0000315648 0.0000673470
1403715899.38406 -0.750864 -2.642165 0.698390 0.823405 -0.178007 0.522777 0.130470 0.0000108485 -0.0000010279 -0.0000024472 0.0000088502 0.0000014565 0.0000049830 0.0001150343 -0.0000458722 0.0000047724 0.0004092956 0.0000345476 0.0000699357
1403715899.43406 -0.756331 -2.712005 0.684249 0.826293 -0.175191 0.518368 0.133576 0.0000109039 -0.0000010533 -0.0000026054 0.0000086622 0.0000014319 0.0000049473 0.0001182960 -0.0000469040 0.0000050482 0.0004167882 0.0000366587 0.0000719232
1403715899.48406 -0.761090 -2.783159 0.674480 0.826946 -0.174064 0.517587 0.134040 0.0000109550 -0.0000011051 -0.0000026872 0.0000085338 0.0000014098 0.0000049355 0.0001212128 -0.0000486283 0.0000053249 0.0004236787 0.0000396299 0.0000743075
1403715899.53406 -0.756960 -2.840679 0.668045 0.827589 -0.173253 0.517018 0.133311 0.0000108972 -0.0000011434 -0.0000027485 0.0000083377 0.0000013671 0.0000049112 0.0001190235 -0.0000514392 0.0000055230 0.0004268816 0.0000415965 0.0000768353
1403715899.58406 -0.746337 -2.885206 0.665097 0.827805 -0.173176 0.516892 0.132559 0.0000108507 -0.0000012737 -0.0000028239 0.0000081030 0.0000013156 0.0000048528 0.0001161910 -0.0000583581 0.0000051149 0.0004178708 0.0000413946 0.0000782475
1403715899.63406 -0.734754 -2.934350 0.660196 0.828329 -0.173880 0.516399 0.130260 0.0000108582 -0.0000013778 -0.0000029036 0.0000080070 0.0000013028 0.0000048307 0.0001161731 -0.0000628087 0.0000047341 0.0004132400 0.0000417024 0.0000795823
1403715899.68406 -0.722341 -2.978734 0.660326 0.828108 -0.172923 0.516982 0.130630 0.0000108436 -0.0000015307 -0.0000030023 0.0000078886 0.0000012608 0.0000047355 0.0001174635 -0.0000696801 0.0000038683 0.0003940635 0.0000384560 0.0000790378
1403715899.73406 -0.704411 -3.022834 0.659906 0.828205 -0.170373 0.517298 0.132106 0.0000107868 -0.0000016669 -0.0000031485 0.0000077166 0.0000012168 0.0000046327 0.0001161642 -0.0000793090 0.0000033701 0.0003612137 0.0000320354 0.0000773189
1403715899.78406 -0.685970 -3.064271 0.661900 0.827183 -0.166856 0.519175 0.135593 0.0000108098 -0.0000017519 -0.0000032230 0.0000075838 0.0000011951 0.0000044838 0.0001158949 -0.0000867779 0.0000034070 0.0003363890 0.0000281415 0.0000752206
1403715899.83406 -0.667178 -3.114919 0.660449 0.825100 -0.162439 0.522641 0.140250 0.0000108946 -0.0000018027 -0.0000032660 0.0000074744 0.0000011389 0.0000043324 0.0001164228 -0.0000913043 0.0000035532 0.0003197336 0.0000246866 0.0000736814
1403715899.88406 -0.646550 -3.170578 0.658120 0.822664 -0.156643 0.526649 0.146040 0.0000110609 -0.0000018129 -0.0000032680 0.0000073722 0.0000010592 0.0000041871 0.0001178995 -0.0000946438 0.0000038213 0.0003133439 0.0000237157 0.0000730189
1403715899.93406 -0.621849 -3.227079 0.657654 0.821144 -0.150453 0.529228 0.151672 0.0000112195 -0.0000018039 -0.0000032544 0.0000072498 0.0000009674 0.0000040718 0.0001188526 -0.0000980526 0.0000037062 0.0003105380 0.0000236179 0.0000731916
1403715899.98406 -0.595211 -3.280839 0.655971 0.820172 -0.144234 0.530591 0.158074 0.0000114234 -0.0000017468 -0.0000032428 0.0000071267 0.0000008756 0.0000039878 0.0001204211 -0.0001015721 0.0000033752 0.0003113304 0.0000250065 0.0000738692
1403715900.03406 -0.567378 -3.331526 0.655238 0.818963 -0.139796 0.532264 0.162638 0.0000115665 -0.0000017347 -0.0000032275 0.0000070264 0.0000008033 0.0000039096 0.0001227206 -0.0001038861 0.0000033350 0.0003102591 0.0000260211 0.0000742173
1403715900.08406 -0.536522 -3.388162 0.650531 0.818360 -0.135851 0.533435 0.165165 0.0000116911 -0.0000017727 -0.0000032487 0.0000069024 0.0000007517 0.0000038750 0.0001252505 -0.0001062122 0.0000034009 0.0003095080 0.0000269755 0.0000749785
1403715900.13406 -0.504983 -3.433985 0.647867 0.817753 -0.133514 0.534105 0.167887 0.0000118309 -0.0000017844 -0.0000032512 0.0000067978 0.0000006981 0.0000038241 0.0001282394 -0.0001087870 0.0000034475 0.0003101326 0.0000288015 0.0000756831
1403715900.18406 -0.469982 -3.478983 0.644773 0.817349 -0.130521 0.534622 0.170544 0.0000119771 -0.0000017979 -0.0000032729 0.0000066910 0.0000006495 0.0000038017 0.0001307872 -0.0001110935 0.0000034034 0.0003118238 0.0000303220 0.0000767929
1403715900.23406 -0.435025 -3.518220 0.641506 0.816802 -0.128728 0.535448 0.171928 0.0000121421 -0.0000018089 -0.0000032769 0.0000066203 0.0000006059 0.0000037575 0.0001332355 -0.0001135817 0.0000030905 0.0003136890 0.0000324097 0.0000776635
1403715900.28406 -0.397033 -3.557644 0.636543 0.816304 -0.127082 0.536113 0.173440 0.0000122365 -0.0000018510 -0.0000032981 0.0000065084 0.0000005479 0.0000037103 0.0001352092 -0.0001153775 0.0000027068 0.0003145170 0.0000341097 0.0000780931
1403715900.33406 -0.357365 -3.591852 0.626553 0.816267 -0.126928 0.536367 0.172939 0.0000122497 -0.0000019359 -0.0000033191 0.0000064181 0.0000004878 0.0000036222 0.0001367136 -0.0001161824 0.0000020906 0.0003132377 0.0000358180 0.0000772185
1403715900.38406 -0.318726 -3.614459 0.621002 0.816273 -0.126661 0.536018 0.174185 0.0000123290 -0.0000019358 -0.0000032830 0.0000063966 0.0000004554 0.0000035429 0.0001378894 -0.0001165952 0.0000006970 0.0003118482 0.0000393872 0.0000768396
1403715900.43406 -0.276119 -3.636235 0.614884 0.816369 -0.128671 0.536203 0.171675 0.0000123011 -0.0000020226 -0.0000033171 0.0000064046 0.0000004560 0.0000035113 0.0001382687 -0.0001160814 0.0000002117 0.0003085648 0.0000408734 0.0000767440
1403715900.48406 -0.233642 -3.652795 0.609051 0.815289 -0.136085 0.538866 0.162508 0.0000122261 -0.0000021922 -0.0000032906 0.0000064936 0.0000004808 0.0000034404 0.0001380865 -0.0001143916 -0.0000009478 0.0003027547 0.0000432011 0.0000764088
1403715900.53406 -0.186500 -3.669899 0.606262 0.811745 -0.142913 0.545143 0.153181 0.0000121605 -0.0000023780 -0.0000032054 0.0000066051 0.0000005027 0.0000033368 0.0001377665 -0.0001123979 -0.0000014147 0.0002959841 0.0000443639 0.0000764495
1403715900.58406 -0.140417 -3.681061 0.604220 0.807129 -0.148379 0.552369 0.146339 0.0000121771 -0.0000025058 -0.0000030729 0.0000067011 0.0000005027 0.0000031750 0.0001371758 -0.0001100996 -0.0000026782 0.0002880196 0.0000460304 0.0000758935
1403715900.63406 -0.093351 -3.691043 0.603066 0.801389 -0.154684 0.561011 0.138256 0.0000122214 -0.0000026647 -0.0000029101 0.0000068264 0.0000004992 0.0000030310 0.0001370745 -0.0001090129 -0.0000037746 0.0002835434 0.0000478255 0.0000756906
1403715900.68406 -0.046401 -3.698272 0.602572 0.794616 -0.161528 0.570692 0.129634 0.0000122390 -0.0000028306 -0.0000027333 0.0000069681 0.0000004884 0.0000029128 0.0001372015 -0.0001078212 -0.0000043800 0.0002786698 0.0000493238 0.0000762466
1403715900.73406 0.001873 -3.708903 0.602319 0.786845 -0.166165 0.581368 0.123594 0.0000123538 -0.0000029605 -0.0000025376 0.0000070755 0.0000004675 0.0000027484 0.0001376484 -0.0001068524 -0.0000047195 0.0002726357 0.0000494784 0.0000760145
1403715900.78406 0.051173 -3.719294 0.605956 0.779228 -0.167305 0.591520 0.122131 0.0000125403 -0.0000030475 -0.0000023133 0.0000071354 0.0000004131 0.0000026206 0.0001389085 -0.0001074464 -0.0000057031 0.0002705878 0.0000512123 0.0000764417
1403715900.83406 0.094336 -3.724617 0.608009 0.772046 -0.165931 0.600585 0.125338 0.0000127358 -0.0000030512 -0.0000021156 0.0000071113 0.0000003599 0.0000025014 0.0001396740 -0.0001067378 -0.0000062281 0.0002655360 0.0000519366 0.0000765567
1403715900.88406 0.136056 -3.727851 0.611888 0.766442 -0.164162 0.607511 0.128637 0.0000129538 -0.0000030526 -0.0000019669 0.0000070759 0.0000003239 0.0000024157 0.0001409234 -0.0001068819 -0.0000066670 0.0002618731 0.0000524845 0.0000767278
1403715900.93406 0.173177 -3.728521 0.615482 0.762462 -0.162512 0.612007 0.132998 0.0000131410 -0.0000030033 -0.0000018832 0.0000069790 0.0000003147 0.0000023598 0.0001421114 -0.0001065624 -0.0000066390 0.0002569316 0.0000520765 0.0000764911
1403715900.98406 0.210678 -3.732422 0.618945 0.758140 -0.160815 0.617073 0.136319 0.0000133079 -0.0000029573 -0.0000017848 0.0000068886 0.0000002903 0.0000023034 0.0001425811 -0.0001053141 -0.0000064913 0.0002512431 0.0000518066 0.0000765737
1403715901.03406 0.245969 -3.736921 0.622308 0.753271 -0.159975 0.622963 0.137503 0.0000134852 -0.0000029448 -0.0000016429 0.0000067971 0.0000002588 0.0000022514 0.0001440463 -0.0001049596 -0.0000064483 0.0002465138 0.0000516634 0.0000766858
1403715901.08406 0.276334 -3.738726 0.625914 0.749159 -0.158582 0.627618 0.140387 0.0000136756 -0.0000029122 -0.0000015243 0.0000066656 0.0000002217 0.0000022127 0.0001457075 -0.0001047792 -0.0000063815 0.0002422532 0.0000515868 0.0000769260
1403715901.13406 0.300521 -3.733912 0.630741 0.744826 -0.158557 0.632627 0.140985 0.0000138200 -0.0000029120 -0.0000014108 0.0000065551 0.0000001854 0.0000021810 0.0001468840 -0.0001041418 -0.0000063207 0.0002379068 0.0000515389 0.0000771764
1403715901.18406 0.323961 -3.728198 0.638290 0.740512 -0.158187 0.637421 0.142525 0.0000139647 -0.0000028921 -0.0000012965 0.0000063911 0.0000001450 0.0000021541 0.0001476896 -0.0001034720 -0.0000062923 0.0002340651 0.0000514125 0.0000772875
1403715901.23406 0.344776 -3.721509 0.646277 0.737239 -0.158772 0.641127 0.142218 0.0000140839 -0.0000028812 -0.0000012125 0.0000061316 0.0000001095 0.0000021354 0.0001470459 -0.0001010167 -0.0000061685 0.0002273390 0.0000504620 0.0000768119
1403715901.28406 0.363016 -3.717792 0.652298 0.735752 -0.159865 0.642730 0.141460 0.0000141753 -0.0000028182 -0.0000011720 0.0000058534 0.0000000749 0.0000021278 0.0001468119 -0.0000985150 -0.0000055769 0.0002208255 0.0000493164 0.0000764855
1403715901.33406 0.375839 -3.708366 0.660091 0.736345 -0.162124 0.641876 0.139668 0.0000141698 -0.0000027087 -0.0000012300 0.0000054909 0.0000000494 0.0000021401 0.0001443354 -0.0000934027 -0.0000048307 0.0002115581 0.0000480346 0.0000762081
1403715901.38406 0.384348 -3.697024 0.667294 0.739634 -0.164939 0.637923 0.137082 0.0000142135 -0.0000026731 -0.0000013859 0.0000053045 0.0000000693 0.0000021768 0.0001424133 -0.0000898928 -0.0000044812 0.0002060328 0.0000476503 0.0000761887
1403715901.43406 0.390707 -3.683311 0.675119 0.745557 -0.168563 0.630944 0.132818 0.0000141540 -0.0000026554 -0.0000016393 0.0000050094 0.0000001076 0.0000022438 0.0001368376 -0.0000842414 -0.0000047356 0.0001986196 0.0000469223 0.0000755165
1403715901.48406 0.389862 -3.666280 0.682180 0.752540 -0.171375 0.622278 0.130708 0.0000141748 -0.0000026188 -0.0000019317 0.0000048707 0.0000001535 0.0000023336 0.0001356728 -0.0000824629 -0.0000046516 0.0001962763 0.0000468313 0.0000754394
1403715901.53406 0.387331 -3.649328 0.689664 0.758447 -0.173369 0.614832 0.129161 0.0000141602 -0.0000025145 -0.0000021658 0.0000046589 0.0000001705 0.0000024176 0.0001324135 -0.0000786663 -0.0000042053 0.0001922410 0.0000463309 0.0000752588
1403715901.58406 0.381176 -3.630165 0.698364 0.762016 -0.174121 0.610075 0.129700 0.0000142181 -0.0000024239 -0.0000023196 0.0000044211 0.0000001664 0.0000024758 0.0001293138 -0.0000767125 -0.0000045709 0.0001900012 0.0000456386 0.0000744783
1403715901.63406 0.374464 -3.612023 0.707390 0.764063 -0.173294 0.607314 0.131708 0.0000142892 -0.0000022592 -0.0000023894 0.0000042167 0.0000001300 0.0000025036 0.0001253051 -0.0000728911 -0.0000041199 0.0001870301 0.0000451756 0.0000742421
1403715901.68406 0.361572 -3.590683 0.715296 0.765365 -0.174039 0.605598 0.131065 0.0000144092 -0.0000022544 -0.0000024705 0.0000041422 0.0000001324 0.0000025377 0.0001242191 -0.0000725653 -0.0000042370 0.0001876369 0.0000449904 0.0000738957
1403715901.73406 0.355018 -3.573007 0.722429 0.768813 -0.174115 0.601194 0.131057 0.0000144727 -0.0000021487 -0.0000026015 0.0000039478 0.0000001093 0.0000025908 0.0001193232 -0.0000693796 -0.0000039649 0.0001859944 0.0000441962 0.0000733250
1403715901.78406 0.339610 -3.550901 0.728108 0.772592 -0.174812 0.596311 0.130211 0.0000145171 -0.0000020815 -0.0000027637 0.0000038243 0.0000001033 0.0000026626 0.0001165623 -0.0000676269 -0.0000038295 0.0001855531 0.0000438086 0.0000729783
1403715901.83406 0.319075 -3.523109 0.734802 0.776465 -0.175424 0.591204 0.129641 0.0000145329 -0.0000020215 -0.0000029373 0.0000037334 0.0000001081 0.0000027476 0.0001143108 -0.0000681867 -0.0000045516 0.0001870066 0.0000430984 0.0000721043
1403715901.88406 0.297611 -3.496461 0.740418 0.779822 -0.174990 0.586831 0.129949 0.0000146207 -0.0000019571 -0.0000030782 0.0000036582 0.0000000969 0.0000028146 0.0001127666 -0.0000678758 -0.0000043741 0.0001890332 0.0000425848 0.0000715995
1403715901.93406 0.281180 -3.472238 0.745378 0.782139 -0.175264 0.584004 0.128376 0.0000146360 -0.0000019136 -0.0000031447 0.0000035870 0.0000000745 0.0000028462 0.0001071762 -0.0000663312 -0.0000049370 0.0001904243 0.0000421162 0.0000709068
1403715901.98406 0.259580 -3.444023 0.750449 0.783762 -0.175376 0.582001 0.127417 0.0000146894 -0.0000018829 -0.0000032225 0.0000035554 0.0000000662 0.0000028893 0.0001060372 -0.0000667226 -0.0000050328 0.0001924372 0.0000415194 0.0000703971
1403715902.03406 0.237572 -3.415013 0.755372 0.783653 -0.175234 0.582313 0.126861 0.0000147955 -0.0000018920 -0.0000032223 0.0000035369 0.0000000528 0.0000028852 0.0001012848 -0.0000659448 -0.0000053535 0.0001953528 0.0000413122 0.0000699384
1403715902.08406 0.211612 -3.382720 0.760880 0.782516 -0.174628 0.583828 0.127748 0.0000149235 -0.0000018495 -0.0000031886 0.0000035027 0.0000000229 0.0000028649 0.0000997853 -0.0000659915 -0.0000051987 0.0001980087 0.0000406240 0.0000694311
1403715902.13406 0.185543 -3.351152 0.765151 0.782660 -0.172330 0.583751 0.130306 0.0000150880 -0.0000017728 -0.0000031940 0.0000034717 -0.0000000048 0.0000028629 0.0000985049 -0.0000662329 -0.0000050526 0.0002018365 0.0000401122 0.0000689910
1403715902.18406 0.157702 -3.313559 0.770826 0.782564 -0.169975 0.583899 0.133282 0.0000151998 -0.0000016571 -0.0000031790 0.0000034153 -0.0000000478 0.0000028530 0.0000971148 -0.0000662415 -0.0000047698 0.0002047100 0.0000390977 0.0000683735
1403715902.23406 0.129950 -3.279138 0.774183 0.784282 -0.167222 0.581492 0.137133 0.0000153272 -0.0000015290 -0.0000032315 0.0000033843 -0.0000000765 0.0000028716 0.0000956780 -0.0000664107 -0.0000046159 0.0002089028 0.0000383673 0.0000678291
1403715902.28406 0.102913 -3.243140 0.777542 0.786743 -0.165594 0.578249 0.138716 0.0000154412 -0.0000014584 -0.0000033433 0.0000033657 -0.0000000883 0.0000029251 0.0000948439 -0.0000667532 -0.0000043500 0.0002133339 0.0000375905 0.0000673728
1403715902.33406 0.074845 -3.207715 0.779879 0.789987 -0.163608 0.573786 0.141146 0.0000155227 -0.0000013550 -0.0000034688 0.0000033413 -0.0000001071 0.0000029852 0.0000937402 -0.0000669814 -0.0000040961 0.0002179724 0.0000367858 0.0000669049
1403715902.38406 0.045248 -3.172077 0.781209 0.792767 -0.162916 0.569989 0.141745 0.0000156288 -0.0000013102 -0.0000036073 0.0000033239 -0.0000001086 0.0000030562 0.0000931998 -0.0000674935 -0.0000037641 0.0002226429 0.0000356762 0.0000663528
1403715902.43406 0.014741 -3.133766 0.783586 0.794637 -0.162831 0.567363 0.141905 0.0000157171 -0.0000012984 -0.0000036969 0.0000033167 -0.0000001020 0.0000030979 0.0000924273 -0.0000680973 -0.0000035438 0.0002278006 0.0000345599 0.0000658134
1403715902.48406 -0.014515 -3.094523 0.785882 0.796622 -0.165455 0.564864 0.137650 0.0000157708 -0.0000014196 -0.0000038184 0.0000033419 -0.0000000596 0.0000031641 0.0000918507 -0.0000686532 -0.0000032148 0.0002334729 0.0000334703 0.0000653793
1403715902.53406 -0.041388 -3.054206 0.788149 0.798501 -0.169549 0.562463 0.131471 0.0000158024 -0.0000016047 -0.0000039454 0.0000033845 0.0000000033 0.0000032382 0.0000914883 -0.0000691855 -0.0000028399 0.0002394606 0.0000323795 0.0000649900
1403715902.58406 -0.069376 -3.012621 0.790682 0.800757 -0.172506 0.559711 0.125514 0.0000158370 -0.0000017611 -0.0000040792 0.0000034217 0.0000000606 0.0000033191 0.0000912405 -0.0000698101 -0.0000024991 0.0002454735 0.0000311781 0.0000645458
1403715902.63406 -0.098404 -2.970631 0.793954 0.802752 -0.173869 0.557734 0.119551 0.0000158805 -0.0000018994 -0.0000041749 0.0000034524 0.0000001089 0.0000033758 0.0000906790 -0.0000705438 -0.0000022267 0.0002519313 0.0000299356 0.0000640299
1403715902.68406 -0.124797 -2.928161 0.797456 0.805280 -0.173759 0.555481 0.113021 0.0000159304 -0.0000020253 -0.0000042899 0.0000034817 0.0000001511 0.0000034548 0.0000907593 -0.0000713213 -0.0000018384 0.0002589155 0.0000286701 0.0000636261
1403715902.73406 -0.152865 -2.885632 0.797440 0.809263 -0.171338 0.551695 0.106626 0.0000159567 -0.0000020946 -0.0000044359 0.0000034885 0.0000001800 0.0000035524 0.0000906421 -0.0000721078 -0.0000016802 0.0002656605 0.0000271665 0.0000628981
1403715902.78406 -0.179609 -2.844014 0.795228 0.813311 -0.166713 0.548270 0.100654 0.0000160161 -0.0000021291 -0.0000045750 0.0000034808 0.0000001924 0.0000036518 0.0000908244 -0.0000729970 -0.0000014342 0.0002729690 0.0000256606 0.0000623045
1403715902.83406 -0.204081 -2.803422 0.790565 0.817113 -0.161320 0.545465 0.093652 0.0000160931 -0.0000021813 -0.0000046982 0.0000034767 0.0000002048 0.0000037468 0.0000913906 -0.0000740584 -0.0000011534 0.0002807681 0.0000241193 0.0000618251
1403715902.88406 -0.226015 -2.762744 0.783761 0.821383 -0.153903 0.542148 0.087854 0.0000161829 -0.0000021735 -0.0000048267 0.0000034510 0.0000002004 0.0000038486 0.0000920291 -0.0000751174 -0.0000007796 0.0002887969 0.0000226067 0.0000614883
1403715902.93406 -0.243692 -2.723244 0.775589 0.824525 -0.145623 0.540503 0.082516 0.0000163089 -0.0000021565 -0.0000048987 0.0000034232 0.0000001834 0.0000039069 0.0000925897 -0.0000761675 -0.0000004777 0.0002970827 0.0000210330 0.0000611810
1403715902.98406 -0.260581 -2.684637 0.767255 0.827169 -0.134308 0.539755 0.080103 0.0000164960 -0.0000020210 -0.0000049249 0.0000033614 0.0000001137 0.0000039306 0.0000934615 -0.0000772286 -0.0000001994 0.0003054354 0.0000194804 0.0000608783
1403715903.03406 -0.274259 -2.647149 0.759519 0.828286 -0.123548 0.541332 0.075088 0.0000166957 -0.0000019640 -0.0000048746 0.0000033197 0.0000000616 0.0000038935 0.0000931310 -0.0000778212 -0.0000003157 0.0003139500 0.0000180068 0.0000604845
1403715903.08406 -0.287215 -2.609784 0.752065 0.829688 -0.110780 0.542351 0.072120 0.0000169271 -0.0000018130 -0.0000048517 0.0000032542 -0.0000000181 0.0000038860 0.0000942178 -0.0000790105 0.0000000721 0.0003228342 0.0000162724 0.0000602974
1403715903.13406 -0.301614 -2.570563 0.744416 0.830601 -0.098021 0.543796 0.069133 0.0000171683 -0.0000016578 -0.0000048168 0.0000031894 -0.0000000975 0.0000038727 0.0000952504 -0.0000799050 0.0000004748 0.0003317152 0.0000144110 0.0000601206
1403715903.18406 -0.311371 -2.535538 0.737321 0.831322 -0.085597 0.545011 0.067373 0.0000174068 -0.0000014771 -0.0000047857 0.0000031284 -0.0000001812 0.0000038598 0.0000963477 -0.0000809071 0.0000007340 0.0003417390 0.0000124690 0.0000599409
1403715903.23406 -0.322952 -2.495603 0.730218 0.832374 -0.077351 0.545200 0.062665 0.0000174663 -0.0000014093 -0.0000047741 0.0000030625 -0.0000002122 0.0000038513 0.0000935847 -0.0000794571 -0.0000003068 0.0003473705 0.0000113174 0.0000593120
1403715903.28406 -0.332546 -2.457934 0.722738 0.834901 -0.071435 0.542791 0.056704 0.0000174222 -0.0000013840 -0.0000048931 0.0000029772 -0.0000002066 0.0000039328 0.0000892145 -0.0000768004 -0.0000018046 0.0003509986 0.0000105427 0.0000585732
1403715903.33406 -0.339663 -2.421728 0.716097 0.837381 -0.067081 0.540109 0.050750 0.0000173838 -0.0000014044 -0.0000049979 0.0000029276 -0.0000001869 0.0000040169 0.0000883220 -0.0000761967 -0.0000021183 0.0003579741 0.0000090857 0.0000582667
1403715903.38406 -0.343465 -2.385406 0.709664 0.840467 -0.063015 0.536386 0.043990 0.0000173135 -0.0000014565 -0.0000051376 0.0000028765 -0.0000001527 0.0000041336 0.0000877989 -0.0000755358 -0.0000025735 0.0003647101 0.0000077608 0.0000578771
1403715903.43406 -0.345317 -2.352402 0.704921 0.842850 -0.057843 0.533798 0.036296 0.0000172001 -0.0000015127 -0.0000051998 0.0000028001 -0.0000001115 0.0000042050 0.0000868274 -0.0000734679 -0.0000032630 0.0003685760 0.0000069085 0.0000572280
1403715903.48406 -0.341371 -2.316972 0.703339 0.844554 -0.051124 0.532189 0.029842 0.0000171940 -0.0000015122 -0.0000052618 0.0000027185 -0.0000000865 0.0000042662 0.0000868543 -0.0000723030 -0.0000035851 0.0003737777 0.0000061534 0.0000567742
1403715903.53406 -0.333446 -2.280603 0.706924 0.845695 -0.044233 0.531342 0.022780 0.0000172193 -0.0000014774 -0.0000053010 0.0000026204 -0.0000000760 0.0000042958 0.0000844789 -0.0000678879 -0.0000049320 0.0003739468 0.0000068676 0.0000559875
1403715903.58406 -0.323526 -2.243867 0.715413 0.845796 -0.035256 0.532093 0.016255 0.0000172022 -0.0000013529 -0.0000053025 0.0000024852 -0.0000000652 0.0000042869 0.0000826032 -0.0000630270 -0.0000058010 0.0003693508 0.0000081698 0.0000551992
1403715903.63406 -0.307516 -2.215450 0.728563 0.846413 -0.025533 0.531844 0.008615 0.0000172073 -0.0000012435 -0.0000053049 0.0000023594 -0.0000000715 0.0000042956 0.0000774647 -0.0000518371 -0.0000082220 0.0003565621 0.0000112760 0.0000541139
1403715903.68406 -0.292661 -2.178237 0.744323 0.845362 -0.014640 0.533991 0.001246 0.0000172236 -0.0000010837 -0.0000052974 0.0000022116 -0.0000000474 0.0000042532 0.0000742708 -0.0000424281 -0.0000099083 0.0003393352 0.0000146054 0.0000532369
1403715903.73406 -0.271614 -2.149672 0.763638 -0.843274 0.002510 -0.537445 0.005927 0.0000172049 -0.0000008473 -0.0000052477 0.0000020557 -0.0000000348 0.0000041583 0.0000699912 -0.0000297061 -0.0000117830 0.0003134166 0.0000185940 0.0000523531
1403715903.78406 -0.245393 -2.135244 0.787455 -0.840002 -0.007427 -0.542208 0.018759 0.0000171198 -0.0000007904 -0.0000051656 0.0000019586 0.0000000333 0.0000040272 0.0000674812 -0.0000212958 -0.0000128681 0.0002905654 0.0000214237 0.0000518780
1403715903.83406 -0.217985 -2.115578 0.813910 -0.836573 -0.019111 -0.546648 0.030940 0.0000171008 -0.0000007468 -0.0000050623 0.0000018813 0.0000000828 0.0000039141 0.0000649488 -0.0000133924 -0.0000138217 0.0002716644 0.0000236839 0.0000516406
1403715903.88406 -0.191777 -2.089134 0.841840 -0.831936 -0.030806 -0.552246 0.044260 0.0000171495 -0.0000007724 -0.0000049274 0.0000018424 0.0000001482 0.0000037376 0.0000643879 -0.0000101060 -0.0000139967 0.0002614341 0.0000244765 0.0000516345
1403715903.93406 -0.164608 -2.060161 0.870773 -0.827349 -0.045156 -0.557045 0.056167 0.0000170788 -0.0000006744 -0.0000048534 0.0000017988 0.0000001850 0.0000035885 0.0000648009 -0.0000075395 -0.0000139901 0.0002476018 0.0000252637 0.0000516556
1403715903.98406 -0.136568 -2.029887 0.899602 -0.822391 -0.061370 -0.561573 0.067402 0.0000171517 -0.0000005646 -0.0000047430 0.0000017628 0.0000001962 0.0000034335 0.0000652744 -0.0000043812 -0.0000140150 0.0002386850 0.0000257462 0.0000517322
1403715904.03406 -0.111147 -2.000018 0.928033 -0.817630 -0.076517 -0.564824 0.081244 0.0000173336 -0.0000005782 -0.0000046329 0.0000017571 0.0000002203 0.0000033216 0.0000664092 -0.0000017541 -0.0000139333 0.0002372936 0.0000259681 0.0000518765
1403715904.08406 -0.084999 -1.970998 0.955985 -0.813649 -0.092172 -0.566126 0.094769 0.0000174590 -0.0000005962 -0.0000045599 0.0000017281 0.0000002394 0.0000032540 0.0000671618 0.0000015338 -0.0000139519 0.0002371484 0.0000261987 0.0000520690
1403715904.13406 -0.057301 -1.943607 0.983459 -0.809714 -0.108125 -0.566577 0.107992 0.0000176055 -0.0000005691 -0.0000045335 0.0000016918 0.0000002472 0.0000031936 0.0000682883 0.0000046807 -0.0000139434 0.0002363747 0.0000265308 0.0000522938
1403715904.18406 -0.031522 -1.917438 1.009510 -0.806125 -0.126729 -0.565786 0.118270 0.0000177246 -0.0000004250 -0.0000045618 0.0000016651 0.0000002263 0.0000031807 0.0000701106 0.0000077439 -0.0000138544 0.0002362704 0.0000267661 0.0000526147
1403715904.23406 -0.005577 -1.891856 1.035297 -0.802590 -0.145313 -0.564144 0.128356 0.0000178603 -0.0000002962 -0.0000046096 0.0000016144 0.0000001961 0.0000031786 0.0000718194 0.0000109821 -0.0000139347 0.0002377869 0.0000269016 0.0000529504
1403715904.28406 0.020988 -1.864376 1.060524 -0.797783 -0.166303 -0.563694 0.134664 0.0000178657 -0.0000000069 -0.0000046926 0.0000015045 0.0000001340 0.0000031504 0.0000727474 0.0000131269 -0.0000141353 0.0002357300 0.0000272784 0.0000531555
1403715904.33406 0.047529 -1.838155 1.084765 -0.791490 -0.186327 -0.564650 0.141406 0.0000179309 0.0000002942 -0.0000047205 0.0000014746 0.0000000730 0.0000030807 0.0000745097 0.0000153247 -0.0000139706 0.0002339680 0.0000278771 0.0000535869
1403715904.38406 0.073627 -1.812185 1.107057 -0.784883 -0.205951 -0.565460 0.147640 0.0000178510 0.0000006286 -0.0000048207 0.0000014748 0.0000000209 0.0000029828 0.0000759239 0.0000157088 -0.0000132672 0.0002279783 0.0000295612 0.0000539241
1403715904.43406 0.098361 -1.784816 1.125224 -0.778509 -0.221961 -0.565891 0.156283 0.0000178748 0.0000007658 -0.0000048726 0.0000014332 -0.0000000179 0.0000028949 0.0000768437 0.0000163825 -0.0000129469 0.0002246649 0.0000305556 0.0000543678
1403715904.48406 0.117540 -1.767805 1.141534 -0.772305 -0.237917 -0.565720 0.164016 0.0000179641 0.0000009422 -0.0000049092 0.0000014211 -0.0000000686 0.0000028373 0.0000787320 0.0000183464 -0.0000125435 0.0002239649 0.0000314726 0.0000549997
1403715904.53406 0.139778 -1.743757 1.156402 -0.765559 -0.254734 -0.566225 0.168579 0.0000180031 0.0000011178 -0.0000049507 0.0000012563 -0.0000001903 0.0000027713 0.0000761615 0.0000165450 -0.0000129680 0.0002208568 0.0000313273 0.0000555655
1403715904.58406 0.163498 -1.713385 1.165775 -0.758235 -0.270489 -0.567517 0.172743 0.0000178609 0.0000013574 -0.0000049860 0.0000011813 -0.0000002418 0.0000026766 0.0000761103 0.0000160437 -0.0000127989 0.0002155356 0.0000322331 0.0000555356
1403715904.63406 0.182925 -1.690142 1.173490 -0.750699 -0.286175 -0.568128 0.178283 0.0000179040 0.0000016043 -0.0000050094 0.0000011447 -0.0000003054 0.0000025934 0.0000768469 0.0000169731 -0.0000128078 0.0002126286 0.0000325289 0.0000554982
1403715904.68406 0.199899 -1.662812 1.178249 -0.742844 -0.300531 -0.568558 0.186025 0.0000180314 0.0000017392 -0.0000050074 0.0000011169 -0.0000003402 0.0000025120 0.0000777942 0.0000180867 -0.0000126676 0.0002114248 0.0000327149 0.0000555599
1403715904.73406 0.216830 -1.631471 1.184330 -0.736870 -0.312725 -0.565519 0.198531 0.0000181449 0.0000016638 -0.0000050574 0.0000010516 -0.0000003195 0.0000024471 0.0000789366 0.0000187631 -0.0000130698 0.0002086937 0.0000319103 0.0000547471
1403715904.78406 0.234638 -1.595020 1.188415 -0.732395 -0.323601 -0.559557 0.213952 0.0000181706 0.0000013739 -0.0000051517 0.0000009198 -0.0000002605 0.0000024289 0.0000783507 0.0000177494 -0.0000137733 0.0002041659 0.0000306681 0.0000539272
1403715904.83406 0.250347 -1.563510 1.185203 -0.727897 -0.335457 -0.552263 0.229434 0.0000181942 0.0000010963 -0.0000052504 0.0000008388 -0.0000001929 0.0000024612 0.0000788743 0.0000185283 -0.0000138355 0.0002030639 0.0000306679 0.0000541352
1403715904.88406 0.268728 -1.525566 1.182225 -0.721638 -0.348074 -0.545935 0.245027 0.0000183095 0.0000008662 -0.0000052952 0.0000007382 -0.0000001391 0.0000024400 0.0000781160 0.0000178459 -0.0000148076 0.0002003272 0.0000292668 0.0000535500
1403715904.93406 0.279717 -1.493034 1.176724 -0.713249 -0.361742 -0.540894 0.260483 0.0000183740 0.0000006753 -0.0000052815 0.0000006576 -0.0000000950 0.0000023908 0.0000769497 0.0000169943 -0.0000152063 0.0001963279 0.0000274108 0.0000520524
1403715904.98406 0.290158 -1.464228 1.164385 -0.704174 -0.375663 -0.535651 0.275852 0.0000185480 0.0000005503 -0.0000052517 0.0000006258 -0.0000000566 0.0000023380 0.0000774632 0.0000181107 -0.0000152166 0.0001968570 0.0000270760 0.0000518189
1403715905.03406 0.299869 -1.435581 1.151170 -0.692814 -0.390637 -0.532263 0.290013 0.0000187899 0.0000005447 -0.0000051584 0.0000006178 -0.0000000511 0.0000022483 0.0000786134 0.0000194979 -0.0000156120 0.0001983874 0.0000268106 0.0000518589
1403715905.08406 0.307959 -1.407845 1.135247 -0.680782 -0.405279 -0.529393 0.303361 0.0000190362 0.0000005769 -0.0000050497 0.0000006202 -0.0000000551 0.0000021519 0.0000801414 0.0000211259 -0.0000159319 0.0002002117 0.0000265590 0.0000519563
1403715905.13406 0.314437 -1.384184 1.114566 -0.668138 -0.418515 -0.527286 0.316869 0.0000192890 0.0000005880 -0.0000048979 0.0000006023 -0.0000000571 0.0000020268 0.0000804706 0.0000211007 -0.0000166416 0.0001999689 0.0000258161 0.0000520939
1403715905.18406 0.317465 -1.362161 1.092564 -0.654848 -0.432247 -0.526659 0.327060 0.0000195059 0.0000007330 -0.0000047571 0.0000006016 -0.0000000848 0.0000018974 0.0000812145 0.0000214618 -0.0000171396 0.0001988332 0.0000244514 0.0000519499
1403715905.23406 0.319381 -1.343839 1.069329 -0.643261 -0.445404 -0.524475 0.335793 0.0000197039 0.0000008857 -0.0000046869 0.0000006195 -0.0000001188 0.0000018266 0.0000829049 0.0000227373 -0.0000174851 0.0002003982 0.0000238566 0.0000522221
1403715905.28406 0.318778 -1.329613 1.044613 -0.635257 -0.460785 -0.518453 0.339606 0.0000197644 0.0000010979 -0.0000048745 0.0000006489 -0.0000001796 0.0000019037 0.0000850277 0.0000247047 -0.0000175384 0.0002043461 0.0000240227 0.0000528504
1403715905.33406 0.313727 -1.324487 1.018531 -0.629735 -0.475480 -0.509557 0.343081 0.0000196070 0.0000011327 -0.0000051671 0.0000006084 -0.0000002182 0.0000019872 0.0000826702 0.0000204835 -0.0000185315 0.0001954257 0.0000209958 0.0000525664
1403715905.38406 0.308455 -1.321554 0.992531 -0.624637 -0.489969 -0.500438 0.345429 0.0000195519 0.0000012329 -0.0000054760 0.0000006137 -0.0000002588 0.0000021093 0.0000832742 0.0000210145 -0.0000185671 0.0001956393 0.0000199753 0.0000529543
1403715905.43406 0.300757 -1.309666 0.971179 -0.618675 -0.503373 -0.491998 0.348991 0.0000195598 0.0000012893 -0.0000057341 0.0000006263 -0.0000002870 0.0000022391 0.0000849512 0.0000227002 -0.0000185049 0.0001994717 0.0000196660 0.0000536386
1403715905.48406 0.293428 -1.305353 0.948368 -0.614145 -0.516123 -0.481599 0.352853 0.0000195044 0.0000012943 -0.0000060431 0.0000005987 -0.0000003216 0.0000023683 0.0000841146 0.0000212894 -0.0000188390 0.0001956568 0.0000184072 0.0000542442
1403715905.53406 0.281878 -1.298546 0.927328 -0.608132 -0.529079 -0.472496 0.356369 0.0000194193 0.0000013170 -0.0000063049 0.0000005563 -0.0000003487 0.0000025029 0.0000814761 0.0000191835 -0.0000189053 0.0001931382 0.0000176972 0.0000550223
1403715905.58406 0.263010 -1.301621 0.905642 -0.603110 -0.539884 -0.460949 0.363746 0.0000193087 0.0000011061 -0.0000065387 0.0000004783 -0.0000003070 0.0000026554 0.0000776065 0.0000143221 -0.0000188461 0.0001882855 0.0000172435 0.0000559434
1403715905.63406 0.243993 -1.303637 0.884824 -0.599245 -0.548363 -0.447145 0.374518 0.0000193134 0.0000007225 -0.0000067246 0.0000004182 -0.0000001933 0.0000027584 0.0000759738 0.0000116629 -0.0000185110 0.0001866407 0.0000170825 0.0000569716
1403715905.68406 0.221999 -1.304375 0.865389 -0.594850 -0.556133 -0.432598 0.386947 0.0000193673 0.0000002818 -0.0000068653 0.0000003889 -0.0000000433 0.0000028359 0.0000756549 0.0000108745 -0.0000181433 0.0001884518 0.0000169085 0.0000581067
1403715905.73406 0.198230 -1.308556 0.846658 -0.589279 -0.565202 -0.417956 0.398258 0.0000193277 -0.0000000820 -0.0000070041 0.0000003471 0.0000000767 0.0000029229 0.0000729788 0.0000071003 -0.0000170693 0.0001855983 0.0000174167 0.0000589894
1403715905.78406 0.179157 -1.308774 0.827148 -0.581545 -0.574719 -0.404792 0.409447 0.0000194011 -0.0000003718 -0.0000070762 0.0000003448 0.0000001783 0.0000029475 0.0000723574 0.0000056779 -0.0000162359 0.0001864917 0.0000176427 0.0000599736
1403715905.83406 0.160418 -1.309806 0.807606 -0.572994 -0.586195 -0.390298 0.419190 0.0000194247 -0.0000006177 -0.0000072242 0.0000003580 0.0000002697 0.0000030456 0.0000725826 0.0000051564 -0.0000155487 0.0001884806 0.0000176293 0.0000612070
1403715905.88406 0.140651 -1.310341 0.789193 -0.563569 -0.600295 -0.375297 0.425662 0.0000193417 -0.0000007535 -0.0000074535 0.0000003612 0.0000003261 0.0000032245 0.0000725912 0.0000041134 -0.0000144702 0.0001896132 0.0000181316 0.0000620055
1403715905.93406 0.121925 -1.310970 0.769884 -0.553552 -0.615847 -0.359034 0.430589 0.0000191998 -0.0000008590 -0.0000077364 0.0000003691 0.0000003773 0.0000034616 0.0000730241 0.0000036633 -0.0000135239 0.0001912763 0.0000181562 0.0000631546
1403715905.98406 0.104014 -1.310442 0.751069 -0.541064 -0.633171 -0.344390 0.433290 0.0000190516 -0.0000008222 -0.0000080365 0.0000003645 0.0000003738 0.0000037311 0.0000736136 0.0000032652 -0.0000124831 0.0001930091 0.0000181488 0.0000642917
1403715906.03406 0.085677 -1.307689 0.733771 -0.526688 -0.650172 -0.330959 0.436282 0.0000189626 -0.0000007487 -0.0000082861 0.0000003567 0.0000003497 0.0000039606 0.0000743877 0.0000029432 -0.0000113745 0.0001952894 0.0000182072 0.0000655919
1403715906.08406 0.068204 -1.304955 0.716310 -0.509573 -0.665908 -0.320072 0.440970 0.0000189725 -0.0000006174 -0.0000084035 0.0000003433 0.0000002857 0.0000040504 0.0000753273 0.0000029400 -0.0000102816 0.0001967101 0.0000182648 0.0000671722
1403715906.13406 0.051429 -1.306021 0.699322 -0.488367 -0.680582 -0.313779 0.447044 0.0000190012 -0.0000003344 -0.0000083528 0.0000003248 0.0000001509 0.0000039856 0.0000762704 0.0000031825 -0.0000091507 0.0001965983 0.0000180902 0.0000686159
1403715906.18406 0.033875 -1.299316 0.685331 -0.464848 -0.693213 -0.310861 0.454685 0.0000193270 0.0000000217 -0.0000082147 0.0000003174 -0.0000000128 0.0000037982 0.0000774266 0.0000030485 -0.0000078524 0.0001986197 0.0000180131 0.0000704372
1403715906.23406 0.016319 -1.287873 0.670334 -0.440788 -0.705198 -0.308125 0.462017 0.0000195502 0.0000004234 -0.0000080494 0.0000003199 -0.0000001809 0.0000036151 0.0000785752 0.0000031132 -0.0000064798 0.0002003857 0.0000180340 0.0000719578
1403715906.28406 -0.005216 -1.280091 0.654976 -0.419019 -0.716342 -0.301026 0.469745 0.0000197295 0.0000006423 -0.0000079761 0.0000003247 -0.0000002682 0.0000035217 0.0000799132 0.0000032879 -0.0000049710 0.0002024528 0.0000180285 0.0000737208
1403715906.33406 -0.028529 -1.270407 0.640172 -0.397458 -0.727749 -0.293238 0.475835 0.0000198748 0.0000008768 -0.0000079696 0.0000003320 -0.0000003587 0.0000034891 0.0000810860 0.0000029501 -0.0000033711 0.0002044556 0.0000182206 0.0000754616
1403715906.38406 -0.050235 -1.260000 0.625768 -0.376890 -0.738401 -0.284149 0.481640 0.0000200031 0.0000010603 -0.0000079837 0.0000003354 -0.0000004324 0.0000034777 0.0000825182 0.0000024861 -0.0000018390 0.0002060324 0.0000177990 0.0000771394
1403715906.43406 -0.075078 -1.252067 0.610021 -0.357037 -0.747520 -0.273960 0.488552 0.0000201084 0.0000011368 -0.0000079737 0.0000003191 -0.0000004620 0.0000034499 0.0000838838 0.0000016201 -0.0000006570 0.0002039649 0.0000162567 0.0000781666
1403715906.48406 -0.101338 -1.247622 0.593644 -0.337359 -0.754396 -0.263199 0.497797 0.0000203211 0.0000011636 -0.0000078814 0.0000003069 -0.0000004585 0.0000033421 0.0000854161 0.0000007058 0.0000007694 0.0002045954 0.0000153826 0.0000794691
1403715906.53406 -0.127876 -1.238885 0.580986 -0.317759 -0.760933 -0.253540 0.505696 0.0000204910 0.0000012284 -0.0000077769 0.0000003067 -0.0000004705 0.0000032349 0.0000875213 -0.0000002137 0.0000029458 0.0002052665 0.0000152727 0.0000816393
1403715906.58406 -0.156867 -1.238246 0.571607 -0.300094 -0.766640 -0.240069 0.514368 0.0000204627 0.0000011177 -0.0000076547 0.0000002798 -0.0000004162 0.0000031436 0.0000891241 -0.0000013693 0.0000039691 0.0002046399 0.0000135600 0.0000819036
1403715906.63406 -0.187345 -1.237520 0.566642 -0.284687 -0.770941 -0.224212 0.523768 0.0000205325 0.0000008832 -0.0000075544 0.0000002500 -0.0000003173 0.0000030567 0.0000913012 -0.0000023064 0.0000057549 0.0002064045 0.0000126585 0.0000833157
1403715906.68406 -0.215372 -1.236031 0.566859 -0.269567 -0.774540 -0.206400 0.533685 0.0000206636 0.0000005637 -0.0000074440 0.0000002234 -0.0000001902 0.0000029548 0.0000933526 -0.0000029536 0.0000070898 0.0002078723 0.0000124518 0.0000837830
1403715906.73406 -0.246202 -1.234670 0.567325 -0.253989 -0.778901 -0.188811 0.541437 0.0000207049 0.0000003148 -0.0000073833 0.0000002073 -0.0000000957 0.0000029024 0.0000955189 -0.0000033124 0.0000083541 0.0002098142 0.0000123325 0.0000843267
1403715906.78406 -0.276083 -1.234783 0.572238 -0.238355 -0.783531 -0.171403 0.547619 0.0000207486 0.0000000864 -0.0000073797 0.0000001998 -0.0000000107 0.0000028899 0.0000975168 -0.0000035884 0.0000092950 0.0002119524 0.0000122111 0.0000845454
1403715906.83406 -0.305016 -1.235748 0.578612 -0.221575 -0.787440 -0.154216 0.554130 0.0000208528 -0.0000001198 -0.0000073393 0.0000001991 0.0000000638 0.0000028387 0.0000972613 -0.0000031837 0.0000076460 0.0002138675 0.0000128702 0.0000819711
1403715906.88406 -0.333843 -1.236784 0.582853 -0.203567 -0.791070 -0.138159 0.560072 0.0000210636 -0.0000002659 -0.0000073080 0.0000002039 0.0000001142 0.0000027846 0.0000984159 -0.0000033436 0.0000075391 0.0002158911 0.0000128860 0.0000812817
1403715906.93406 -0.360627 -1.238212 0.585917 -0.183810 -0.794059 -0.123742 0.566014 0.0000212964 -0.0000003069 -0.0000072355 0.0000002061 0.0000001251 0.0000026998 0.0000990341 -0.0000034701 0.0000069210 0.0002180238 0.0000128519 0.0000802924
1403715906.98406 -0.385335 -1.239883 0.587131 -0.164072 -0.796307 -0.109402 0.571845 0.0000215494 -0.0000003446 -0.0000071483 0.0000002092 0.0000001345 0.0000026076 0.0001008576 -0.0000039181 0.0000073510 0.0002200882 0.0000124900 0.0000803843
1403715907.03406 -0.406943 -1.242457 0.587046 -0.142218 -0.799420 -0.097135 0.575558 0.0000217607 -0.0000002268 -0.0000071272 0.0000002081 0.0000000934 0.0000025657 0.0001028621 -0.0000042698 0.0000077665 0.0002219795 0.0000121766 0.0000804838
1403715907.08406 -0.435172 -1.243668 0.578026 -0.118056 -0.803641 -0.087181 0.576735 0.0000218785 0.0000000540 -0.0000071742 0.0000002068 -0.0000000000 0.0000025799 0.0001051855 -0.0000051506 0.0000083468 0.0002234265 0.0000114785 0.0000807781
1403715907.13406 -0.464109 -1.245123 0.568499 -0.092760 -0.807326 -0.077678 0.577569 0.0000219239 0.0000004090 -0.0000072171 0.0000002095 -0.0000001192 0.0000025991 0.0001059543 -0.0000053164 0.0000073684 0.0002258607 0.0000112590 0.0000797160
1403715907.18406 -0.491731 -1.248042 0.562065 -0.066836 -0.809983 -0.067143 0.578750 0.0000218704 0.0000007616 -0.0000072188 0.0000002161 -0.0000002336 0.0000026015 0.0001080058 -0.0000056476 0.0000073606 0.0002283066 0.0000109361 0.0000794808
1403715907.23406 -0.515465 -1.252489 0.561051 -0.042370 -0.812303 -0.053700 0.579210 0.0000218909 0.0000009446 -0.0000072914 0.0000002249 -0.0000002963 0.0000026450 0.0001107641 -0.0000060166 0.0000080190 0.0002307112 0.0000106991 0.0000798460
1403715907.28406 -0.539037 -1.257462 0.561450 -0.018363 -0.813760 -0.037805 0.579679 0.0000218714 0.0000010406 -0.0000073481 0.0000002210 -0.0000003266 0.0000026767 0.0001121030 -0.0000058237 0.0000076235 0.0002322327 0.0000110951 0.0000791695
1403715907.33406 -0.562081 -1.264544 0.566932 0.005467 -0.814356 -0.022881 0.579889 0.0000219375 0.0000011347 -0.0000074178 0.0000002277 -0.0000003589 0.0000027124 0.0001155801 -0.0000059204 0.0000084335 0.0002342599 0.0000109584 0.0000797082
1403715907.38406 -0.579428 -1.272978 0.577194 0.029092 -0.813299 -0.008193 0.581060 0.0000220205 0.0000012418 -0.0000074251 0.0000002324 -0.0000003911 0.0000027004 0.0001179046 -0.0000057317 0.0000087191 0.0002358997 0.0000112841 0.0000797707
1403715907.43406 -0.600313 -1.282934 0.588046 0.053351 -0.811979 0.003872 0.581230 0.0000221253 0.0000014497 -0.0000074564 0.0000002581 -0.0000004598 0.0000027052 0.0001223422 -0.0000057095 0.0000100963 0.0002370277 0.0000113840 0.0000806018
1403715907.48406 -0.622080 -1.296004 0.599128 0.076235 -0.810289 0.016602 0.580814 0.0000222348 0.0000015943 -0.0000075096 0.0000002810 -0.0000005101 0.0000027257 0.0001273535 -0.0000059650 0.0000113915 0.0002388894 0.0000111136 0.0000815003
1403715907.53406 -0.643028 -1.310570 0.610631 0.097948 -0.808358 0.028386 0.579791 0.0000222071 0.0000017316 -0.0000075404 0.0000003024 -0.0000005599 0.0000027458 0.0001309211 -0.0000059832 0.0000116086 0.0002400468 0.0000112192 0.0000815440
1403715907.58406 -0.662280 -1.327162 0.622759 0.117701 -0.806237 0.040884 0.578322 0.0000222830 0.0000017954 -0.0000076116 0.0000003132 -0.0000005866 0.0000027823 0.0001345174 -0.0000062269 0.0000117836 0.0002418811 0.0000109213 0.0000819049
1403715907.63406 -0.687014 -1.338605 0.629497 0.134247 -0.803752 0.053901 0.577110 0.0000219293 0.0000016774 -0.0000074904 0.0000002923 -0.0000005487 0.0000027372 0.0001325048 -0.0000033378 0.0000084069 0.0002401252 0.0000128091 0.0000798690
1403715907.68406 -0.699455 -1.359308 0.644179 0.150503 -0.799734 0.067878 0.577206 0.0000217799 0.0000015596 -0.0000073485 0.0000002692 -0.0000005049 0.0000026543 0.0001284231 -0.0000010853 0.0000045772 0.0002402789 0.0000135967 0.0000783223
1403715907.73406 -0.712772 -1.380310 0.657653 0.164646 -0.794959 0.083251 0.577929 0.0000216525 0.0000013636 -0.0000071223 0.0000002361 -0.0000004300 0.0000025127 0.0001218614 -0.0000008132 -0.0000002015 0.0002388584 0.0000133312 0.0000765911
1403715907.78406 -0.721015 -1.405701 0.671046 0.179287 -0.789679 0.098412 0.578427 0.0000217557 0.0000012202 -0.0000069815 0.0000002149 -0.0000003742 0.0000024068 0.0001199481 -0.0000005179 -0.0000024087 0.0002391385 0.0000128942 0.0000763589
1403715907.83406 -0.724895 -1.428059 0.685920 0.193294 -0.783891 0.112718 0.579178 0.0000218736 0.0000011037 -0.0000068190 0.0000001944 -0.0000003294 0.0000022886 0.0001129708 -0.0000005624 -0.0000059419 0.0002390050 0.0000124382 0.0000757508
1403715907.88406 -0.740457 -1.450808 0.694343 0.206281 -0.778990 0.127733 0.578193 0.0000220172 0.0000009155 -0.0000067277 0.0000001712 -0.0000002664 0.0000022164 0.0001082362 -0.0000004480 -0.0000074654 0.0002387798 0.0000121320 0.0000760543
1403715907.93406 -0.743348 -1.474768 0.705377 0.218334 -0.773919 0.145099 0.576477 0.0000221983 0.0000006382 -0.0000066456 0.0000001515 -0.0000001771 0.0000021485 0.0001088441 -0.0000003270 -0.0000077629 0.0002401422 0.0000116527 0.0000766024
1403715907.98406 -0.744727 -1.498309 0.716728 0.231804 -0.768749 0.161431 0.573787 0.0000222786 0.0000004282 -0.0000065668 0.0000001398 -0.0000001132 0.0000020922 0.0001070984 -0.0000010546 -0.0000084173 0.0002395937 0.0000110662 0.0000768545
1403715908.03406 -0.742988 -1.518762 0.726028 0.245627 -0.763390 0.177695 0.570375 0.0000223979 0.0000002296 -0.0000065193 0.0000001322 -0.0000000552 0.0000020521 0.0001049553 -0.0000020902 -0.0000089460 0.0002391218 0.0000103730 0.0000774325
1403715908.08406 -0.741799 -1.540456 0.734481 0.261228 -0.757378 0.192787 0.566544 0.0000224342 0.0000001146 -0.0000064637 0.0000001308 -0.0000000217 0.0000020158 0.0001048011 -0.0000017456 -0.0000093165 0.0002387312 0.0000095515 0.0000780000
1403715908.13406 -0.740090 -1.561092 0.741034 0.276875 -0.750076 0.208491 0.563257 0.0000226146 0.0000000091 -0.0000063844 0.0000001318 0.0000000089 0.0000019549 0.0001061344 -0.0000014450 -0.0000093670 0.0002388675 0.0000090497 0.0000786050
1403715908.18406 -0.735796 -1.578923 0.745413 0.294199 -0.743508 0.222338 0.557860 0.0000227340 -0.0000000143 -0.0000064216 0.0000001320 0.0000000148 0.0000019657 0.0001061914 -0.0000019789 -0.0000093105 0.0002385391 0.0000084696 0.0000793122
1403715908.23406 -0.728095 -1.594966 0.750179 0.311613 -0.736073 0.236965 0.552215 0.0000228533 -0.0000000555 -0.0000064332 0.0000001324 0.0000000258 0.0000019612 0.0001061183 -0.0000026838 -0.0000085564 0.0002373412 0.0000086663 0.0000793837
1403715908.28406 -0.725220 -1.614630 0.754860 0.329939 -0.728438 0.250848 0.545522 0.0000229362 -0.0000000603 -0.0000064819 0.0000001284 0.0000000254 0.0000019795 0.0001016620 -0.0000064963 -0.0000061922 0.0002333617 0.0000102764 0.0000786766
1403715908.33406 -0.718410 -1.630536 0.759460 0.347918 -0.720603 0.264587 0.538217 0.0000230445 -0.0000000820 -0.0000065600 0.0000001299 0.0000000314 0.0000020147 0.0001024434 -0.0000067004 -0.0000057764 0.0002332467 0.0000100459 0.0000791943
1403715908.38406 -0.711680 -1.644419 0.763386 0.365950 -0.712618 0.277718 0.530217 0.0000230850 -0.0000000918 -0.0000066447 0.0000001293 0.0000000332 0.0000020584 0.0001017283 -0.0000082383 -0.0000045447 0.0002307783 0.0000108997 0.0000792220
1403715908.43406 -0.697092 -1.653164 0.766695 0.383721 -0.703291 0.291260 0.522789 0.0000232132 -0.0000001014 -0.0000066997 0.0000001263 0.0000000337 0.0000020775 0.0000990843 -0.0000109388 -0.0000033790 0.0002282484 0.0000113059 0.0000797032
1403715908.48406 -0.690188 -1.670526 0.774518 0.401794 -0.693524 0.304553 0.514619 0.0000232188 -0.0000001047 -0.0000067335 0.0000001251 0.0000000335 0.0000020927 0.0000982075 -0.0000121407 -0.0000026858 0.0002241883 0.0000128249 0.0000785172
1403715908.53406 -0.677716 -1.682526 0.781464 0.420647 -0.682107 0.317063 0.507205 0.0000233166 -0.0000000259 -0.0000067647 0.0000001239 0.0000000096 0.0000021009 0.0000978089 -0.0000131360 -0.0000024467 0.0002229260 0.0000129728 0.0000784933
1403715908.58406 -0.666730 -1.693203 0.786870 0.438887 -0.670616 0.330166 0.498641 0.0000233994 -0.0000000074 -0.0000068046 0.0000001225 0.0000000030 0.0000021162 0.0000969801 -0.0000138924 -0.0000027581 0.0002215501 0.0000127407 0.0000782260
1403715908.63406 -0.654655 -1.702029 0.792813 0.458130 -0.657037 0.341178 0.491951 0.0000235373 0.0000001779 -0.0000068123 0.0000001233 -0.0000000517 0.0000021094 0.0000969732 -0.0000145925 -0.0000022760 0.0002205687 0.0000126183 0.0000786411
1403715908.68406 -0.642313 -1.710310 0.797828 0.475893 -0.642959 0.353415 0.485002 0.0000236791 0.0000002953 -0.0000067698 0.0000001260 -0.0000000851 0.0000020735 0.0000973864 -0.0000149126 -0.0000018767 0.0002198276 0.0000124441 0.0000789392
1403715908.73406 -0.626881 -1.715909 0.802001 0.492765 -0.628169 0.365927 0.478209 0.0000238294 0.0000004040 -0.0000066947 0.0000001288 -0.0000001150 0.0000020187 0.0000977861 -0.0000154549 -0.0000014022 0.0002188428 0.0000123002 0.0000792691
1403715908.78406 -0.611712 -1.718663 0.805420 0.507564 -0.614527 0.379327 0.469943 0.0000240041 0.0000003908 -0.0000066353 0.0000001279 -0.0000001100 0.0000019721 0.0000984384 -0.0000158411 -0.0000008184 0.0002173878 0.0000123253 0.0000796799
1403715908.83406 -0.598790 -1.724085 0.807667 0.521903 -0.601154 0.391639 0.461356 0.0000241547 0.0000003822 -0.0000066025 0.0000001264 -0.0000001074 0.0000019423 0.0000990602 -0.0000163124 -0.0000002914 0.0002157053 0.0000123374 0.0000799938
1403715908.88406 -0.584413 -1.723741 0.807487 0.536589 -0.589010 0.402335 0.450851 0.0000242301 0.0000003660 -0.0000066941 0.0000001252 -0.0000001046 0.0000019863 0.0000998686 -0.0000165022 0.0000001220 0.0002139398 0.0000126949 0.0000801101
1403715908.93406 -0.568887 -1.721481 0.806550 0.552424 -0.577822 0.411050 0.438164 0.0000241601 0.0000003398 -0.0000069140 0.0000001235 -0.0000001014 0.0000021146 0.0001004771 -0.0000161795 0.0000003333 0.0002118354 0.0000132274 0.0000800814
1403715908.98406 -0.552130 -1.722582 0.806970 0.569379 -0.565489 0.417069 0.426712 0.0000241024 0.0000004650 -0.0000071674 0.0000001272 -0.0000001430 0.0000022666 0.0001009615 -0.0000155208 0.0000003488 0.0002095886 0.0000137546 0.0000800343
1403715909.03406 -0.535244 -1.720456 0.806375 0.585691 -0.552601 0.422188 0.416359 0.0000240896 0.0000006411 -0.0000074105 0.0000001357 -0.0000002021 0.0000024155 0.0001016682 -0.0000152496 0.0000004576 0.0002081088 0.0000139694 0.0000801262
1403715909.08406 -0.517499 -1.716579 0.804630 0.601266 -0.540075 0.426842 0.405715 0.0000239878 0.0000007792 -0.0000076539 0.0000001440 -0.0000002541 0.0000025753 0.0001010894 -0.0000138515 -0.0000003292 0.0002057781 0.0000148433 0.0000795939
1403715909.13406 -0.497772 -1.714985 0.803528 0.616123 -0.526195 0.431374 0.396771 0.0000239461 0.0000009798 -0.0000078240 0.0000001588 -0.0000003263 0.0000026889 0.0001011419 -0.0000129518 -0.0000006746 0.0002036022 0.0000152206 0.0000794533
1403715909.18406 -0.477571 -1.711955 0.801137 0.628994 -0.514556 0.436892 0.385647 0.0000239330 0.0000009946 -0.0000080388 0.0000001597 -0.0000003406 0.0000028332 0.0001015251 -0.0000122777 -0.0000008516 0.0002014351 0.0000155237 0.0000794660
1403715909.23406 -0.454887 -1.707969 0.799276 0.641097 -0.501663 0.442347 0.376374 0.0000239505 0.0000010754 -0.0000081738 0.0000001666 -0.0000003743 0.0000029228 0.0001018746 -0.0000113316 -0.0000010590 0.0001991766 0.0000159207 0.0000795161
1403715909.28406 -0.433359 -1.700173 0.796139 0.651367 -0.490344 0.449381 0.365159 0.0000240124 0.0000009850 -0.0000083090 0.0000001588 -0.0000003479 0.0000030100 0.0001027563 -0.0000109577 -0.0000011435 0.0001975988 0.0000160513 0.0000796130
1403715909.33406 -0.410792 -1.693233 0.792675 0.661283 -0.477416 0.455533 0.356748 0.0000241211 0.0000010339 -0.0000083695 0.0000001631 -0.0000003661 0.0000030399 0.0001037110 -0.0000101361 -0.0000012300 0.0001960262 0.0000163102 0.0000797647
1403715909.38406 -0.386641 -1.683867 0.789039 0.671050 -0.464654 0.460690 0.348645 0.0000242007 0.0000011100 -0.0000084560 0.0000001700 -0.0000003957 0.0000030914 0.0001046194 -0.0000093096 -0.0000014106 0.0001943779 0.0000165541 0.0000799010
1403715909.43406 -0.359875 -1.676392 0.784768 0.680176 -0.451752 0.465849 0.340978 0.0000242701 0.0000011867 -0.0000085082 0.0000001770 -0.0000004248 0.0000031204 0.0001055559 -0.0000082480 -0.0000016543 0.0001925376 0.0000168272 0.0000800483
1403715909.48406 -0.333883 -1.665446 0.779666 0.689407 -0.436299 0.470632 0.335957 0.0000243895 0.0000014351 -0.0000084948 0.0000002031 -0.0000005096 0.0000030976 0.0001069921 -0.0000073717 -0.0000018213 0.0001906153 0.0000170141 0.0000802157
1403715909.53406 -0.305994 -1.655906 0.773105 0.699211 -0.420235 0.474655 0.330468 0.0000244860 0.0000017145 -0.0000085152 0.0000002389 -0.0000006072 0.0000031012 0.0001085124 -0.0000060868 -0.0000020436 0.0001888023 0.0000173109 0.0000804241
1403715909.58406 -0.277294 -1.644266 0.765072 0.709389 -0.404051 0.478201 0.323780 0.0000245383 0.0000019698 -0.0000085964 0.0000002768 -0.0000007020 0.0000031533 0.0001102323 -0.0000048791 -0.0000022992 0.0001868261 0.0000175360 0.0000806477
1403715909.63406 -0.247123 -1.631089 0.756752 0.718240 -0.387777 0.483977 0.315478 0.0000246131 0.0000020976 -0.0000086059 0.0000002971 -0.0000007464 0.0000031518 0.0001118687 -0.0000033796 -0.0000026770 0.0001850277 0.0000178050 0.0000808805
1403715909.68406 -0.214227 -1.616527 0.748496 0.725712 -0.371722 0.492316 0.304615 0.0000247748 0.0000020566 -0.0000085732 0.0000002886 -0.0000007249 0.0000031106 0.0001137827 -0.0000018401 -0.0000031055 0.0001832771 0.0000180544 0.0000811475
1403715909.73406 -0.179655 -1.600926 0.738959 0.734290 -0.355303 0.499314 0.291999 0.0000248634 0.0000020008 -0.0000086332 0.0000002784 -0.0000007081 0.0000031433 0.0001158327 -0.0000002741 -0.0000036409 0.0001815833 0.0000182686 0.0000814267
1403715909.78406 -0.144127 -1.582914 0.729427 0.741735 -0.338764 0.508018 0.277466 0.0000250054 0.0000018366 -0.0000086422 0.0000002519 -0.0000006474 0.0000031342 0.0001183109 0.0000013992 -0.0000042004 0.0001796814 0.0000184477 0.0000817562
1403715909.83406 -0.106110 -1.563636 0.719768 0.749336 -0.320062 0.516757 0.262713 0.0000251650 0.0000017257 -0.0000086294 0.0000002354 -0.0000006036 0.0000031084 0.0001210838 0.0000031816 -0.0000048504 0.0001781506 0.0000186332 0.0000821297
1403715909.88406 -0.068068 -1.540613 0.710399 0.754865 -0.301208 0.528628 0.244957 0.0000254658 0.0000014318 -0.0000085236 0.0000001970 -0.0000004894 0.0000030037 0.0001242756 0.0000050655 -0.0000055479 0.0001761766 0.0000186238 0.0000825025
1403715909.93406 -0.029882 -1.518068 0.700618 0.758810 -0.281254 0.542193 0.226121 0.0000258425 0.0000010910 -0.0000082996 0.0000001622 -0.0000003589 0.0000028175 0.0001277578 0.0000073301 -0.0000063413 0.0001749231 0.0000187472 0.0000829689
1403715909.98406 0.007159 -1.493049 0.690602 0.762540 -0.259665 0.555091 0.207318 0.0000261904 0.0000008258 -0.0000080458 0.0000001420 -0.0000002607 0.0000026246 0.0001315520 0.0000096538 -0.0000072381 0.0001739799 0.0000188473 0.0000834771
1403715910.03406 0.044015 -1.468263 0.679685 0.766801 -0.236345 0.566274 0.188389 0.0000265043 0.0000006543 -0.0000078360 0.0000001323 -0.0000001989 0.0000024709 0.0001357608 0.0000122045 -0.0000082331 0.0001734959 0.0000189161 0.0000840373
1403715910.08406 0.079385 -1.440867 0.668749 0.771905 -0.211714 0.574931 0.169690 0.0000267556 0.0000005882 -0.0000077212 0.0000001294 -0.0000001734 0.0000023837 0.0001403089 0.0000150014 -0.0000092628 0.0001730252 0.0000187920 0.0000846092
1403715910.13406 0.113713 -1.412732 0.656478 0.778219 -0.187166 0.580149 0.150899 0.0000269010 0.0000005739 -0.0000077645 0.0000001290 -0.0000001676 0.0000023983 0.0001452043 0.0000180841 -0.0000104118 0.0001730908 0.0000186579 0.0000852473
1403715910.18406 0.146390 -1.381847 0.645064 0.784443 -0.163330 0.583612 0.131796 0.0000269971 0.0000005378 -0.0000078782 0.0000001279 -0.0000001573 0.0000024578 0.0001502584 0.0000214463 -0.0000116130 0.0001733531 0.0000183217 0.0000858631
1403715910.23406 0.177598 -1.352502 0.632112 0.790841 -0.139256 0.584709 0.115302 0.0000270421 0.0000006402 -0.0000080631 0.0000001333 -0.0000001901 0.0000025645 0.0001555846 0.0000249222 -0.0000129965 0.0001744796 0.0000180930 0.0000866323
1403715910.28406 0.207693 -1.320942 0.620005 0.794946 -0.116692 0.587202 0.098168 0.0000271571 0.0000006335 -0.0000081454 0.0000001328 -0.0000001885 0.0000026039 0.0001601466 0.0000285705 -0.0000144826 0.0001758843 0.0000177654 0.0000874471
1403715910.33406 0.234916 -1.289881 0.608810 0.797684 -0.095480 0.589714 0.082595 0.0000272782 0.0000006450 -0.0000081757 0.0000001342 -0.0000001909 0.0000026117 0.0001653890 0.0000322126 -0.0000161453 0.0001777268 0.0000172952 0.0000883151
1403715910.38406 0.260062 -1.257394 0.598881 0.798578 -0.074975 0.593263 0.068500 0.0000274807 0.0000006860 -0.0000081121 0.0000001376 -0.0000001990 0.0000025563 0.0001713387 0.0000360042 -0.0000179802 0.0001802000 0.0000167115 0.0000892824
1403715910.43406 0.284752 -1.226901 0.587499 0.797376 -0.055329 0.598410 0.055108 0.0000277827 0.0000007293 -0.0000079232 0.0000001412 -0.0000002033 0.0000024214 0.0001779461 0.0000403993 -0.0000198466 0.0001831540 0.0000159247 0.0000902981
1403715910.48406 0.307050 -1.195151 0.577019 0.795356 -0.036347 0.603537 0.042780 0.0000280912 0.0000008087 -0.0000077065 0.0000001470 -0.0000002161 0.0000022760 0.0001847469 0.0000448899 -0.0000218526 0.0001866777 0.0000150432 0.0000914054
1403715910.53406 0.319339 -1.165463 0.567556 0.793093 -0.017729 0.608091 0.030242 0.0000283012 0.0000008697 -0.0000074942 0.0000001505 -0.0000002249 0.0000021447 0.0001875794 0.0000475311 -0.0000243009 0.0001898467 0.0000138803 0.0000924476
1403715910.58406 0.332885 -1.139086 0.555872 0.791392 -0.000264 0.611048 0.017867 0.0000284933 0.0000009147 -0.0000073658 0.0000001536 -0.0000002309 0.0000020617 0.0001900856 0.0000501761 -0.0000262533 0.0001922347 0.0000119484 0.0000929056
1403715910.63406 0.347999 -1.107319 0.543878 0.790720 0.015829 0.611951 0.005294 0.0000286326 0.0000009082 -0.0000073604 0.0000001503 -0.0000002284 0.0000020434 0.0001855687 0.0000517156 -0.0000254066 0.0001924413 0.0000103324 0.0000924777
1403715910.68406 0.358171 -1.075087 0.535831 -0.790340 -0.031377 -0.611825 0.006906 0.0000287721 0.0000009040 -0.0000074088 0.0000001495 -0.0000002283 0.0000020554 0.0001846935 0.0000533276 -0.0000256494 0.0001948060 0.0000094868 0.0000928449
1403715910.73406 0.367121 -1.041236 0.528876 -0.790499 -0.045647 -0.610428 0.020130 0.0000288815 0.0000007996 -0.0000075256 0.0000001434 -0.0000002043 0.0000021051 0.0001843461 0.0000546255 -0.0000259615 0.0001972372 0.0000086668 0.0000932054
1403715910.78406 0.371935 -1.009073 0.523350 -0.789665 -0.060305 -0.609742 0.031737 0.0000290212 0.0000007926 -0.0000075814 0.0000001411 -0.0000002038 0.0000021210 0.0001808078 0.0000562857 -0.0000247386 0.0001994500 0.0000076945 0.0000929289
1403715910.83406 0.377247 -0.973147 0.518213 -0.788161 -0.074673 -0.609348 0.043826 0.0000291844 0.0000007522 -0.0000075990 0.0000001363 -0.0000001931 0.0000021171 0.0001766249 0.0000586276 -0.0000231900 0.0002029074 0.0000065011 0.0000925435
1403715910.88406 0.378333 -0.939760 0.514206 -0.786837 -0.088564 -0.608219 0.055798 0.0000293112 0.0000007046 -0.0000076444 0.0000001319 -0.0000001819 0.0000021304 0.0001728901 0.0000599286 -0.0000219371 0.0002065757 0.0000057324 0.0000923840
1403715910.93406 0.379138 -0.901658 0.507887 -0.785451 -0.102624 -0.606539 0.068165 0.0000294292 0.0000006283 -0.0000077105 0.0000001275 -0.0000001633 0.0000021562 0.0001698974 0.0000607830 -0.0000208774 0.0002104978 0.0000050722 0.0000922648
1403715910.98406 0.376502 -0.863676 0.503402 -0.784709 -0.115873 -0.603554 0.080794 0.0000294648 0.0000005095 -0.0000078268 0.0000001226 -0.0000001346 0.0000022144 0.0001680217 0.0000615658 -0.0000198654 0.0002143089 0.0000045871 0.0000921176
1403715911.03406 0.371347 -0.827321 0.498873 -0.782226 -0.129209 -0.602215 0.093615 0.0000296237 0.0000003936 -0.0000078277 0.0000001194 -0.0000001033 0.0000022042 0.0001683051 0.0000633527 -0.0000197631 0.0002194432 0.0000036245 0.0000923739
1403715911.08406 0.363311 -0.790536 0.494892 -0.777984 -0.142300 -0.602590 0.106662 0.0000298577 0.0000002875 -0.0000076913 0.0000001180 -0.0000000733 0.0000021177 0.0001705534 0.0000662463 -0.0000204619 0.0002260071 0.0000021196 0.0000930113
1403715911.13406 0.348524 -0.757334 0.492348 -0.772827 -0.155039 -0.603682 0.119454 0.0000301007 0.0000002072 -0.0000074775 0.0000001163 -0.0000000517 0.0000019936 0.0001718136 0.0000686784 -0.0000208426 0.0002328909 0.0000006913 0.0000935822
1403715911.18406 0.332486 -0.724224 0.488553 -0.767809 -0.168640 -0.603729 0.132439 0.0000303197 0.0000001387 -0.0000073116 0.0000001155 -0.0000000345 0.0000018986 0.0001724156 0.0000703075 -0.0000210106 0.0002393677 -0.0000004779 0.0000940841
1403715911.23406 0.315587 -0.690678 0.484137 -0.763002 -0.182893 -0.602746 0.145174 0.0000304920 0.0000001024 -0.0000071971 0.0000001151 -0.0000000263 0.0000018327 0.0001720227 0.0000701145 -0.0000206318 0.0002433603 -0.0000008124 0.0000943187
1403715911.28406 0.299654 -0.652093 0.478244 -0.759258 -0.198310 -0.599600 0.157099 0.0000306178 0.0000001098 -0.0000072360 0.0000001157 -0.0000000289 0.0000018433 0.0001717708 0.0000693839 -0.0000200481 0.0002462912 -0.0000007386 0.0000944224
1403715911.33406 0.283331 -0.613133 0.471110 -0.756212 -0.213156 -0.594906 0.169689 0.0000307057 0.0000000428 -0.0000073562 0.0000001158 -0.0000000142 0.0000018949 0.0001723250 0.0000687772 -0.0000196798 0.0002486931 -0.0000007519 0.0000946650
1403715911.38406 0.261259 -0.576939 0.465239 -0.753352 -0.227945 -0.589321 0.182216 0.0000307212 -0.0000000489 -0.0000075127 0.0000001163 0.0000000073 0.0000019697 0.0001727645 0.0000677424 -0.0000192741 0.0002505949 -0.0000007713 0.0000949378
1403715911.43406 0.237778 -0.541351 0.458262 -0.750722 -0.242733 -0.582994 0.193947 0.0000307335 -0.0000001180 -0.0000077168 0.0000001175 0.0000000244 0.0000020705 0.0001744528 0.0000683445 -0.0000193480 0.0002549455 -0.0000014431 0.0000954443
1403715911.48406 0.216805 -0.504244 0.448444 -0.749423 -0.256559 -0.574790 0.205327 0.0000306771 -0.0000002601 -0.0000080372 0.0000001194 0.0000000625 0.0000022398 0.0001751998 0.0000678038 -0.0000189067 0.0002584824 -0.0000016945 0.0000957414
1403715911.53406 0.186745 -0.479562 0.442082 -0.748539 -0.269671 -0.566122 0.215575 0.0000306192 -0.0000004010 -0.0000084126 0.0000001230 0.0000001047 0.0000024481 0.0001770483 0.0000686666 -0.0000189054 0.0002653242 -0.0000029314 0.0000963630
1403715911.58406 0.156563 -0.454065 0.434660 -0.748467 -0.283986 -0.555987 0.223667 0.0000304796 -0.0000004507 -0.0000089069 0.0000001245 0.0000001260 0.0000027418 0.0001777811 0.0000685399 -0.0000185823 0.0002709409 -0.0000036507 0.0000968290
1403715911.63406 0.126899 -0.433518 0.426729 -0.746935 -0.298921 -0.547430 0.230337 0.0000303825 -0.0000003736 -0.0000093178 0.0000001234 0.0000001087 0.0000029986 0.0001792239 0.0000691789 -0.0000184523 0.0002777486 -0.0000047521 0.0000974068
1403715911.68406 0.092169 -0.412032 0.421095 -0.744647 -0.314720 -0.539512 0.235328 0.0000302606 -0.0000001921 -0.0000097199 0.0000001207 0.0000000558 0.0000032661 0.0001800489 0.0000689160 -0.0000181107 0.0002845367 -0.0000058973 0.0000980034
1403715911.73406 0.058653 -0.389364 0.416891 -0.740069 -0.331026 -0.534420 0.238988 0.0000302356 0.0000001547 -0.0000099741 0.0000001216 -0.0000000574 0.0000034363 0.0001820697 0.0000692632 -0.0000181981 0.0002904406 -0.0000071709 0.0000988632
1403715911.78406 0.027000 -0.347138 0.411789 -0.734912 -0.346506 -0.530021 0.242725 0.0000301807 0.0000004737 -0.0000101578 0.0000001284 -0.0000001667 0.0000035630 0.0001830134 0.0000676676 -0.0000173869 0.0002849110 -0.0000058929 0.0000988753
1403715911.83406 -0.009784 -0.325789 0.415162 -0.729670 -0.359916 -0.525585 0.248602 0.0000301755 0.0000006385 -0.0000102927 0.0000001350 -0.0000002253 0.0000036565 0.0001861878 0.0000676840 -0.0000168257 0.0002878773 -0.0000063875 0.0000993265
1403715911.88406 -0.046134 -0.307168 0.421147 -0.723580 -0.372462 -0.522233 0.254906 0.0000302861 0.0000007820 -0.0000103531 0.0000001415 -0.0000002752 0.0000036868 0.0001868523 0.0000649025 -0.0000153227 0.0002895271 -0.0000054481 0.0000991983
1403715911.93406 -0.082857 -0.287251 0.430257 -0.718167 -0.383506 -0.518459 0.261456 0.0000303986 0.0000008414 -0.0000104280 0.0000001453 -0.0000002966 0.0000037267 0.0001889502 0.0000639983 -0.0000146980 0.0002937207 -0.0000057187 0.0000995768
