# timestamp(s) tx ty tz qx qy qz qw Pr11 Pr12 Pr13 Pr22 Pr23 Pr33 Pt11 Pt12 Pt13 Pt22 Pt23 Pt33
1403715889.63406 -0.000043 0.000629 0.000161 0.827591 -0.035225 0.558061 0.049203 0.0000028982 -0.0000006181 0.0000050548 0.0000154205 0.0000002489 0.0000134154 0.0002480702 -0.0000000000 -0.0000000124 0.0002480702 -0.0000000322 0.0002451113
1403715889.68406 -0.000043 0.000629 0.000161 0.827591 -0.035225 0.558061 0.049203 0.0000028982 -0.0000006181 0.0000050548 0.0000154205 0.0000002489 0.0000134154 0.0002480702 -0.0000000000 -0.0000000124 0.0002480702 -0.0000000322 0.0002451113
1403715889.73406 -0.000104 0.000792 0.000232 0.827604 -0.035148 0.558061 0.049030 0.0000028921 -0.0000005682 0.0000050464 0.0000154328 0.0000002282 0.0000134319 0.0003030588 -0.0000000000 0.0000000015 0.0003030588 -0.0000000080 0.0002988460
1403715889.78406 -0.000169 0.000824 0.000274 0.827640 -0.035244 0.557997 0.049079 0.0000029133 -0.0000005680 0.0000050480 0.0000154526 0.0000002282 0.0000134503 0.0003637065 -0.0000000000 0.0000000021 0.0003637065 -0.0000000108 0.0003580039
1403715889.83406 -0.000189 0.000842 0.000377 0.827507 -0.035291 0.558182 0.049180 0.0000029408 -0.0000005693 0.0000050430 0.0000154846 0.0000002284 0.0000134871 0.0004300250 -0.0000000000 0.0000000020 0.0004300250 -0.0000000147 0.0004226050
1403715889.88406 -0.000159 0.000854 0.000392 0.827469 -0.035359 0.558238 0.049141 0.0000029836 -0.0000005673 0.0000050417 0.0000155291 0.0000002275 0.0000135326 0.0005020465 0.0000000000 0.0000000009 0.0005020465 -0.0000000202 0.0004926841
1403715889.93406 -0.000060 0.000846 0.000401 0.827412 -0.035569 0.558296 0.049290 0.0000030385 -0.0000005674 0.0000050399 0.0000155856 0.0000002274 0.0000135909 0.0005798206 0.0000000000 -0.0000000020 0.0005798206 -0.0000000273 0.0005682888
1403715889.98406 0.000047 0.000800 0.000391 0.827441 -0.035639 0.558242 0.049372 0.0000031085 -0.0000005682 0.0000050411 0.0000156543 0.0000002278 0.0000136586 0.0006634094 0.0000000000 -0.0000000062 0.0006634095 -0.0000000360 0.0006494804
1403715890.03406 0.000207 0.000772 0.000359 0.827489 -0.035738 0.558179 0.049214 0.0000031910 -0.0000005633 0.0000050431 0.0000157358 0.0000002260 0.0000137378 0.0007528899 0.0000000000 -0.0000000127 0.0007528899 -0.0000000475 0.0007363340
1403715890.08406 0.000393 0.000691 0.000279 0.827500 -0.035660 0.558169 0.049186 0.0000032846 -0.0000005638 0.0000050434 0.0000158291 0.0000002262 0.0000138308 0.0008483517 0.0000000001 -0.0000000213 0.0008483518 -0.0000000611 0.0008289370
1403715890.13406 0.000601 0.000603 0.000166 0.827522 -0.035840 0.558135 0.049078 0.0000033908 -0.0000005587 0.0000050446 0.0000159351 0.0000002242 0.0000139353 0.0009499022 0.0000000001 -0.0000000323 0.0009499023 -0.0000000777 0.0009273911
1403715890.18406 0.000861 0.000537 0.000032 0.827523 -0.035670 0.558147 0.049049 0.0000035085 -0.0000005606 0.0000050443 0.0000160527 0.0000002250 0.0000140533 0.0010576643 0.0000000001 -0.0000000463 0.0010576645 -0.0000000983 0.0010318115
1403715890.23406 0.001160 0.000507 -0.000177 0.827495 -0.035670 0.558183 0.049104 0.0000036376 -0.0000005618 0.0000050433 0.0000161826 0.0000002254 0.0000141843 0.0011717749 0.0000000002 -0.0000000635 0.0011717752 -0.0000001237 0.0011423267
1403715890.28406 0.001527 0.000530 -0.000456 0.827636 -0.035744 0.557978 0.049012 0.0000037849 -0.0000005589 0.0000050487 0.0000163252 0.0000002246 0.0000143214 0.0012923906 0.0000000002 -0.0000000849 0.0012923909 -0.0000001546 0.0012590794
1403715890.33406 0.001946 0.000599 -0.000750 0.827678 -0.035529 0.557930 0.049003 0.0000039409 -0.0000005620 0.0000050499 0.0000164794 0.0000002259 0.0000144748 0.0014196866 0.0000000003 -0.0000001103 0.0014196870 -0.0000001917 0.0013822240
1403715890.38406 0.002438 0.000668 -0.001101 0.827671 -0.035596 0.557952 0.048823 0.0000041071 -0.0000005570 0.0000050499 0.0000166467 0.0000002239 0.0000146417 0.0015538545 0.0000000003 -0.0000001406 0.0015538550 -0.0000002344 0.0015119302
1403715890.43406 0.003016 0.000766 -0.001547 0.827798 -0.035460 0.557771 0.048830 0.0000042907 -0.0000005594 0.0000050544 0.0000168255 0.0000002251 0.0000148164 0.0016951050 0.0000000004 -0.0000001764 0.0016951056 -0.0000002838 0.0016483806
1403715890.48406 0.003594 0.000914 -0.001977 0.827793 -0.035348 0.557791 0.048766 0.0000044817 -0.0000005597 0.0000050540 0.0000170168 0.0000002252 0.0000150080 0.0018436772 0.0000000005 -0.0000002158 0.0018436780 -0.0000003411 0.0017917716
1403715890.53406 0.004203 0.001063 -0.002453 0.827793 -0.035477 0.557775 0.048859 0.0000046854 -0.0000005598 0.0000050542 0.0000172203 0.0000002253 0.0000152114 0.0019998243 0.0000000006 -0.0000002597 0.0019998253 -0.0000004054 0.0019423138
1403715890.58406 0.004892 0.001207 -0.002945 0.827880 -0.035507 0.557629 0.049027 0.0000049047 -0.0000005633 0.0000050575 0.0000174358 0.0000002269 0.0000154239 0.0021638250 0.0000000007 -0.0000003098 0.0021638262 -0.0000004769 0.0021002292
1403715890.63406 0.005617 0.001335 -0.003501 0.827891 -0.035334 0.557608 0.049199 0.0000051335 -0.0000005698 0.0000050575 0.0000176632 0.0000002295 0.0000156519 0.0023359800 0.0000000008 -0.0000003651 0.0023359814 -0.0000005556 0.0022657555
1403715890.68406 0.006347 0.001513 -0.004122 0.827791 -0.035413 0.557755 0.049160 0.0000053700 -0.0000005675 0.0000050539 0.0000179037 0.0000002284 0.0000158956 0.0025166173 0.0000000009 -0.0000004246 0.0025166190 -0.0000006437 0.0024391437
1403715890.73406 0.007169 0.001700 -0.004749 0.827851 -0.035171 0.557675 0.049243 0.0000056249 -0.0000005732 0.0000050557 0.0000181557 0.0000002308 0.0000161464 0.0027060962 0.0000000010 -0.0000004920 0.0027060982 -0.0000007403 0.0026206581
1403715890.78406 0.008060 0.001871 -0.005423 0.827862 -0.035113 0.557668 0.049165 0.0000058899 -0.0000005723 0.0000050560 0.0000184206 0.0000002304 0.0000164108 0.0029047986 0.0000000011 -0.0000005670 0.0029048009 -0.0000008446 0.0028105777
1403715890.83406 0.008998 0.001910 -0.006085 0.827747 -0.035086 0.557834 0.049246 0.0000061629 -0.0000005743 0.0000050516 0.0000186974 0.0000002310 0.0000166921 0.0031131411 0.0000000013 -0.0000006492 0.0031131438 -0.0000009521 0.0030091925
1403715890.88406 0.009992 0.001886 -0.006853 0.827699 -0.035127 0.557899 0.049282 0.0000064505 -0.0000005744 0.0000050499 0.0000189867 0.0000002309 0.0000169830 0.0033315603 0.0000000014 -0.0000007398 0.0033315633 -0.0000010651 0.0032168088
1403715890.93406 0.011042 0.001818 -0.007735 0.827726 -0.035235 0.557857 0.049236 0.0000067530 -0.0000005718 0.0000050511 0.0000192885 0.0000002299 0.0000172834 0.0035605326 0.0000000016 -0.0000008395 0.0035605361 -0.0000011841 0.0034337460
1403715890.98406 0.012052 0.001734 -0.008640 0.827695 -0.035180 0.557902 0.049279 0.0000070657 -0.0000005735 0.0000050498 0.0000196021 0.0000002305 0.0000175984 0.0038005794 0.0000000018 -0.0000009442 0.0038005833 -0.0000013107 0.0036603370
1403715891.03406 0.013113 0.001624 -0.009611 0.827675 -0.035214 0.557930 0.049280 0.0000073910 -0.0000005730 0.0000050491 0.0000199282 0.0000002303 0.0000179251 0.0040522476 0.0000000019 -0.0000010589 0.0040522520 -0.0000014444 0.0038969297
1403715891.08406 0.014225 0.001515 -0.010655 0.827655 -0.035217 0.557956 0.049321 0.0000077287 -0.0000005739 0.0000050484 0.0000202664 0.0000002306 0.0000182641 0.0043161226 0.0000000021 -0.0000011841 0.0043161274 -0.0000015867 0.0041438825
1403715891.13406 0.015389 0.001454 -0.011748 0.827686 -0.035203 0.557922 0.049186 0.0000080800 -0.0000005711 0.0000050496 0.0000206172 0.0000002295 0.0000186135 0.0045928366 0.0000000024 -0.0000013209 0.0045928421 -0.0000017407 0.0044015709
1403715891.18406 0.016563 0.001429 -0.012830 0.827648 -0.035221 0.557969 0.049286 0.0000084416 -0.0000005730 0.0000050481 0.0000209798 0.0000002302 0.0000189777 0.0048830692 0.0000000026 -0.0000014674 0.0048830753 -0.0000019063 0.0046703831
1403715891.23406 0.003589 -0.007504 -0.000379 0.827368 -0.035446 0.558391 0.049050 0.0000071977 -0.0000005384 0.0000047435 0.0000189794 0.0000002163 0.0000170979 0.0047197257 0.0000000016 -0.0000012467 0.0047197295 -0.0000015898 0.0045748024
1403715891.28406 0.003729 -0.008249 -0.000661 0.827405 -0.035464 0.558338 0.049011 0.0000074523 -0.0000005267 0.0000047171 0.0000191981 0.0000002111 0.0000173309 0.0049980562 0.0000000013 -0.0000006731 0.0049980594 -0.0000012573 0.0048415420
1403715891.33406 0.003742 -0.009037 -0.000920 0.827362 -0.035495 0.558400 0.049008 0.0000077263 -0.0000005240 0.0000046968 0.0000194266 0.0000002099 0.0000175682 0.0052863330 0.0000000014 -0.0000007176 0.0052863364 -0.0000013531 0.0051186424
1403715891.38406 0.003754 -0.009811 -0.001155 0.827370 -0.035531 0.558388 0.048990 0.0000080139 -0.0000005210 0.0000046777 0.0000196658 0.0000002087 0.0000178147 0.0055861669 0.0000000015 -0.0000007647 0.0055861707 -0.0000014551 0.0054063944
1403715891.43406 0.003764 -0.010610 -0.001384 0.827361 -0.035523 0.558396 0.049046 0.0000083132 -0.0000005200 0.0000046574 0.0000199156 0.0000002083 0.0000180728 0.0058979896 0.0000000016 -0.0000008143 0.0058979937 -0.0000015614 0.0057051177
1403715891.48406 0.003755 -0.011443 -0.001637 0.827385 -0.035487 0.558365 0.049027 0.0000086254 -0.0000005178 0.0000046377 0.0000201761 0.0000002075 0.0000183407 0.0062222581 0.0000000018 -0.0000008656 0.0062222625 -0.0000016711 0.0060151455
1403715891.53406 0.003715 -0.012278 -0.001813 0.827366 -0.035470 0.558395 0.049008 0.0000089483 -0.0000005153 0.0000046161 0.0000204474 0.0000002064 0.0000186210 0.0065594754 0.0000000019 -0.0000009177 0.0065594801 -0.0000017864 0.0063368267
1403715891.58406 0.003664 -0.013165 -0.001935 0.827293 -0.035554 0.558502 0.048963 0.0000092813 -0.0000005107 0.0000045922 0.0000207296 0.0000002044 0.0000189137 0.0069101547 0.0000000020 -0.0000009717 0.0069101599 -0.0000019038 0.0066705187
1403715891.63406 0.003626 -0.014089 -0.002080 0.827298 -0.035580 0.558492 0.048987 0.0000096291 -0.0000005083 0.0000045703 0.0000210222 0.0000002035 0.0000192150 0.0072748374 0.0000000022 -0.0000010295 0.0072748429 -0.0000020241 0.0070165974
1403715891.68406 0.003547 -0.015038 -0.002221 0.827296 -0.035546 0.558500 0.048956 0.0000099886 -0.0000005057 0.0000045475 0.0000213256 0.0000002024 0.0000195274 0.0076541081 0.0000000023 -0.0000010875 0.0076541140 -0.0000021481 0.0073754511
1403715891.73406 0.003433 -0.016034 -0.002366 0.827302 -0.035575 0.558492 0.048908 0.0000103604 -0.0000005017 0.0000045247 0.0000216398 0.0000002008 0.0000198504 0.0080485808 0.0000000025 -0.0000011459 0.0080485871 -0.0000022739 0.0077474814
1403715891.78406 0.003301 -0.017093 -0.002509 0.827234 -0.035643 0.558589 0.048905 0.0000107419 -0.0000004980 0.0000044988 0.0000219646 0.0000001992 0.0000201866 0.0084589080 0.0000000027 -0.0000012056 0.0084589147 -0.0000023998 0.0081331059
1403715891.83406 0.003040 -0.018170 -0.002513 0.826956 -0.035682 0.559004 0.048842 0.0000111285 -0.0000004930 0.0000044653 0.0000223003 0.0000001966 0.0000205405 0.0088857951 0.0000000028 -0.0000012577 0.0088858022 -0.0000025293 0.0085327502
1403715891.88406 0.002784 -0.019356 -0.002753 0.827067 -0.035624 0.558840 0.048885 0.0000115399 -0.0000004921 0.0000044442 0.0000226463 0.0000001965 0.0000208930 0.0093299057 0.0000000030 -0.0000013136 0.0093299132 -0.0000026541 0.0089468592
1403715891.93406 0.002579 -0.020455 -0.003102 0.827203 -0.035706 0.558643 0.048774 0.0000119639 -0.0000004862 0.0000044236 0.0000230034 0.0000001944 0.0000212554 0.0097920214 0.0000000032 -0.0000013776 0.0097920294 -0.0000027910 0.0093758900
1403715891.98406 0.002206 -0.021680 -0.003298 0.827181 -0.035668 0.558659 0.048983 0.0000123953 -0.0000004879 0.0000043969 0.0000233706 0.0000001950 0.0000216340 0.0102729961 0.0000000033 -0.0000014285 0.0102730046 -0.0000029206 0.0098203131
1403715892.03406 0.001750 -0.022857 -0.003481 0.827143 -0.035658 0.558730 0.048829 0.0000128377 -0.0000004820 0.0000043693 0.0000237491 0.0000001926 0.0000220239 0.0107736557 0.0000000035 -0.0000014728 0.0107736647 -0.0000030588 0.0102806154
1403715892.08406 0.001297 -0.024089 -0.003727 0.827164 -0.035640 0.558690 0.048934 0.0000132944 -0.0000004813 0.0000043430 0.0000241378 0.0000001923 0.0000224228 0.0112948730 0.0000000037 -0.0000015186 0.0112948825 -0.0000031949 0.0107572908
1403715892.13406 0.032651 -0.012830 -0.020492 0.827626 -0.034858 0.557995 0.049613 0.0000113051 -0.0000004416 0.0000039828 0.0000212478 0.0000001763 0.0000196748 0.0107814166 0.0000000006 -0.0000010902 0.0107814234 -0.0000027799 0.0104411329
1403715892.18406 0.033814 -0.013222 -0.021321 0.827263 -0.034988 0.558547 0.049372 0.0000116380 -0.0000004529 0.0000039454 0.0000214782 0.0000001810 0.0000199200 0.0112599556 0.0000000051 -0.0000036533 0.0112599683 -0.0000038313 0.0109038506
1403715892.23406 0.035199 -0.013749 -0.022298 0.827463 -0.034739 0.558227 0.049800 0.0000119857 -0.0000004591 0.0000039109 0.0000217191 0.0000001838 0.0000201724 0.0117570277 0.0000000056 -0.0000039174 0.0117570414 -0.0000040510 0.0113812743
1403715892.28406 0.036879 -0.014322 -0.023644 0.827493 -0.035019 0.558172 0.049735 0.0000123397 -0.0000004501 0.0000038714 0.0000219716 0.0000001803 0.0000204395 0.0122706104 0.0000000060 -0.0000042172 0.0122706252 -0.0000042714 0.0118738383
1403715892.33406 0.038530 -0.014925 -0.025059 0.827411 -0.034910 0.558305 0.049684 0.0000127026 -0.0000004456 0.0000038275 0.0000222338 0.0000001784 0.0000207205 0.0128012842 0.0000000066 -0.0000045279 0.0128013001 -0.0000044936 0.0123819341
1403715892.38406 0.040279 -0.015407 -0.026335 0.827532 -0.034966 0.558128 0.049617 0.0000130830 -0.0000004392 0.0000037889 0.0000225063 0.0000001760 0.0000210062 0.0133496559 0.0000000071 -0.0000048610 0.0133496730 -0.0000047307 0.0129059745
1403715892.43406 0.041944 -0.015940 -0.027648 0.827451 -0.034816 0.558240 0.049806 0.0000134702 -0.0000004391 0.0000037435 0.0000227883 0.0000001758 0.0000213080 0.0139162920 0.0000000076 -0.0000052008 0.0139163103 -0.0000049678 0.0134463829
1403715892.48406 0.043767 -0.016346 -0.029134 0.827528 -0.034805 0.558123 0.049844 0.0000138735 -0.0000004350 0.0000037020 0.0000230809 0.0000001743 0.0000216159 0.0145017913 0.0000000081 -0.0000055701 0.0145018110 -0.0000052207 0.0140035978
1403715892.53406 0.045474 -0.016633 -0.030380 0.827456 -0.034724 0.558229 0.049915 0.0000142847 -0.0000004318 0.0000036556 0.0000233836 0.0000001729 0.0000219383 0.0151068922 0.0000000086 -0.0000059436 0.0151069132 -0.0000054900 0.0145780725
1403715892.58406 0.047161 -0.016800 -0.031669 0.827321 -0.034763 0.558432 0.049844 0.0000147061 -0.0000004249 0.0000036070 0.0000236967 0.0000001699 0.0000222725 0.0157322235 0.0000000091 -0.0000063306 0.0157322460 -0.0000057762 0.0151702668
1403715892.63406 0.048954 -0.016827 -0.033382 0.827312 -0.034742 0.558450 0.049823 0.0000151428 -0.0000004196 0.0000035609 0.0000240198 0.0000001677 0.0000226140 0.0163784258 0.0000000096 -0.0000067451 0.0163784499 -0.0000060827 0.0157806628
1403715892.68406 0.050851 -0.016866 -0.035056 0.827305 -0.034798 0.558462 0.049763 0.0000155915 -0.0000004127 0.0000035144 0.0000243532 0.0000001650 0.0000229657 0.0170463490 0.0000000100 -0.0000071896 0.0170463747 -0.0000063944 0.0164097525
1403715892.73406 0.052896 -0.016827 -0.036458 0.827202 -0.034709 0.558617 0.049792 0.0000160499 -0.0000004086 0.0000034644 0.0000246965 0.0000001631 0.0000233304 0.0177368395 0.0000000105 -0.0000076720 0.0177368672 -0.0000067216 0.0170580427
1403715892.78406 0.055149 -0.016742 -0.038152 0.827042 -0.034702 0.558864 0.049683 0.0000165187 -0.0000004013 0.0000034124 0.0000250503 0.0000001599 0.0000237069 0.0184505988 0.0000000109 -0.0000082019 0.0184506286 -0.0000070608 0.0177260569
1403715892.83406 0.057569 -0.016581 -0.040180 0.826939 -0.034709 0.559021 0.049623 0.0000170009 -0.0000003946 0.0000033612 0.0000254141 0.0000001571 0.0000240922 0.0191884685 0.0000000114 -0.0000087794 0.0191885006 -0.0000074168 0.0184143227
1403715892.88406 0.059981 -0.016409 -0.041944 0.827059 -0.034813 0.558842 0.049574 0.0000175006 -0.0000003874 0.0000033150 0.0000257881 0.0000001544 0.0000244826 0.0199515083 0.0000000118 -0.0000093864 0.0199515428 -0.0000077830 0.0191233904
1403715892.93406 0.062140 -0.016294 -0.043698 0.827037 -0.034895 0.558873 0.049530 0.0000180088 -0.0000003803 0.0000032645 0.0000261722 0.0000001515 0.0000248868 0.0207406048 0.0000000123 -0.0000099889 0.0207406416 -0.0000081501 0.0198538204
1403715892.98406 0.064201 -0.016152 -0.045359 0.826792 -0.034669 0.559228 0.049769 0.0000185242 -0.0000003798 0.0000032075 0.0000265659 0.0000001509 0.0000253069 0.0215567757 0.0000000127 -0.0000106072 0.0215568147 -0.0000085294 0.0206061890
1403715893.03406 0.066425 -0.015981 -0.047135 0.826727 -0.034785 0.559337 0.049540 0.0000190551 -0.0000003695 0.0000031547 0.0000269706 0.0000001467 0.0000257329 0.0224010037 0.0000000132 -0.0000112812 0.0224010453 -0.0000089212 0.0213810900
1403715893.08406 0.068652 -0.015876 -0.048760 0.826562 -0.035033 0.559591 0.049256 0.0000195958 -0.0000003571 0.0000030990 0.0000273857 0.0000001415 0.0000261713 0.0232744462 0.0000000137 -0.0000119913 0.0232744903 -0.0000093115 0.0221791187
1403715893.13406 0.071076 -0.015505 -0.050567 0.826355 -0.035191 0.559891 0.049200 0.0000201479 -0.0000003487 0.0000030416 0.0000278105 0.0000001379 0.0000266211 0.0241781381 0.0000000140 -0.0000127716 0.0241781852 -0.0000097546 0.0230008977
1403715893.18406 0.073565 -0.015098 -0.052755 0.825815 -0.035191 0.560699 0.049058 0.0000207048 -0.0000003401 0.0000029758 0.0000282455 0.0000001337 0.0000270885 0.0251131892 0.0000000144 -0.0000136072 0.0251132393 -0.0000102174 0.0238470569
1403715893.23406 0.076175 -0.014696 -0.055035 0.825496 -0.035189 0.561171 0.049038 0.0000212788 -0.0000003334 0.0000029144 0.0000286905 0.0000001306 0.0000275613 0.0260809268 0.0000000147 -0.0000145177 0.0260809804 -0.0000106944 0.0247182419
1403715893.28406 0.079244 -0.014087 -0.057164 0.825373 -0.035139 0.561374 0.048825 0.0000218688 -0.0000003248 0.0000028569 0.0000291457 0.0000001270 0.0000280404 0.0270827361 0.0000000149 -0.0000155765 0.0270827939 -0.0000112257 0.0256151183
1403715893.33406 0.082338 -0.013381 -0.059269 0.824809 -0.035231 0.562209 0.048682 0.0000224620 -0.0000003154 0.0000027893 0.0000296112 0.0000001226 0.0000285386 0.0281199160 0.0000000150 -0.0000167135 0.0281199783 -0.0000117957 0.0265383486
1403715893.38406 0.085654 -0.012561 -0.061403 0.824578 -0.035187 0.562550 0.048694 0.0000230743 -0.0000003094 0.0000027282 0.0000300866 0.0000001199 0.0000290404 0.0291938603 0.0000000149 -0.0000179787 0.0291939277 -0.0000124107 0.0274886251
1403715893.43406 0.089363 -0.011652 -0.062642 0.823812 -0.035271 0.563698 0.048314 0.0000236881 -0.0000002969 0.0000026556 0.0000305726 0.0000001141 0.0000295625 0.0303064389 0.0000000147 -0.0000194233 0.0303065123 -0.0000130708 0.0284666501
1403715893.48406 0.093021 -0.010403 -0.061734 0.820316 -0.034847 0.568929 0.046778 0.0000242636 -0.0000002719 0.0000025263 0.0000310699 0.0000001006 0.0000301440 0.0314598015 0.0000000141 -0.0000209775 0.0314598812 -0.0000138401 0.0294731377
1403715893.53406 0.096942 -0.008335 -0.059717 0.815119 -0.034645 0.576568 0.044158 0.0000248262 -0.0000002311 0.0000023630 0.0000315783 0.0000000806 0.0000307594 0.0326551875 0.0000000126 -0.0000227571 0.0326552743 -0.0000148461 0.0305088260
1403715893.58406 0.101633 -0.005702 -0.056705 0.810300 -0.034807 0.583474 0.041968 0.0000254149 -0.0000001934 0.0000022086 0.0000320962 0.0000000639 0.0000313709 0.0338942718 0.0000000100 -0.0000249662 0.0338943681 -0.0000160616 0.0315744496
1403715893.63406 0.106035 -0.002151 -0.053068 0.805987 -0.035960 0.589549 0.039039 0.0000260291 -0.0000001407 0.0000020667 0.0000326245 0.0000000444 0.0000319777 0.0351786779 0.0000000061 -0.0000274285 0.0351787847 -0.0000176113 0.0326707620
1403715893.68406 0.110020 0.001961 -0.049603 0.804163 -0.036536 0.592148 0.036720 0.0000266939 -0.0000001032 0.0000019749 0.0000331616 0.0000000323 0.0000325566 0.0365098397 0.0000000010 -0.0000301718 0.0365099588 -0.0000194487 0.0337985264
1403715893.73406 0.113782 0.006071 -0.045378 0.803633 -0.037641 0.592927 0.034563 0.0000273894 -0.0000000655 0.0000019092 0.0000337084 0.0000000212 0.0000331271 0.0378901796 -0.0000000052 -0.0000332938 0.0378903140 -0.0000214595 0.0349585231
1403715893.78406 0.116892 0.010513 -0.040379 0.804169 -0.037805 0.592199 0.034408 0.0000281108 -0.0000000582 0.0000018623 0.0000342645 0.0000000196 0.0000336950 0.0393217472 -0.0000000127 -0.0000366935 0.0393218994 -0.0000237677 0.0361515545
1403715893.83406 0.119733 0.015606 -0.035304 0.806764 -0.036642 0.588635 0.036038 0.0000288697 -0.0000000809 0.0000018509 0.0000348301 0.0000000276 0.0000342488 0.0408062198 -0.0000000217 -0.0000404856 0.0408063917 -0.0000264960 0.0373784301
1403715893.88406 0.122082 0.020978 -0.030246 0.810559 -0.037232 0.583361 0.036031 0.0000296563 -0.0000000749 0.0000018595 0.0000354065 0.0000000271 0.0000347978 0.0423457031 -0.0000000316 -0.0000445803 0.0423458958 -0.0000295508 0.0386399845
1403715893.93406 0.072292 0.160902 0.042721 0.813294 -0.039154 0.579175 0.039708 0.0000226734 -0.0000018326 -0.0000017770 0.0000234468 0.0000039055 0.0000168595 0.0068014195 0.0019329788 -0.0000343532 0.0113512984 0.0010848845 0.0163051793
1403715893.98406 0.027569 0.135822 0.042754 0.815950 -0.040476 0.575310 0.040063 0.0000135658 0.0000027430 -0.0000000733 0.0000163412 0.0000029106 0.0000159003 0.0043408354 0.0012209034 0.0009563792 0.0050244358 0.0009633775 0.0068485922
1403715894.03406 -0.006579 0.116796 0.050434 0.819357 -0.041767 0.570363 0.039948 0.0000069191 0.0000015539 -0.0000000365 0.0000143934 0.0000025753 0.0000150695 0.0034847760 0.0008643661 0.0004809878 0.0031424891 0.0009788076 0.0032001637
1403715894.08406 -0.084267 0.063577 0.089297 0.822930 -0.044128 0.565089 0.038907 0.0000035066 0.0000005489 -0.0000001000 0.0000060720 0.0000004964 0.0000058299 0.0014421863 0.0001747019 0.0004093037 0.0025952400 0.0009398874 0.0021372574
1403715894.13406 -0.104960 0.051213 0.059258 0.823937 -0.043598 0.563510 0.041029 0.0000033722 0.0000003764 -0.0000002395 0.0000051634 -0.0000003662 0.0000045021 0.0013433088 0.0000451620 0.0002574891 0.0020330983 0.0006156736 0.0017332833
1403715894.18406 -0.118017 0.046912 0.051127 0.822031 -0.040285 0.566103 0.046579 0.0000032503 0.0000002505 -0.0000004240 0.0000047829 -0.0000006395 0.0000040140 0.0012821824 -0.0000123516 0.0001633396 0.0018521704 0.0004655101 0.0015259678
1403715894.23406 -0.123129 0.059130 0.056250 0.818995 -0.037102 0.570239 0.051942 0.0000026807 0.0000001915 -0.0000006898 0.0000022699 -0.0000003984 0.0000022225 0.0007009683 -0.0000220991 0.0000722399 0.0016891467 0.0003690104 0.0007251516
1403715894.28406 -0.125091 0.069913 0.068604 0.815898 -0.032919 0.574297 0.058385 0.0000025011 0.0000002527 -0.0000005887 0.0000022089 -0.0000004668 0.0000020455 0.0006815393 -0.0000425617 0.0000440717 0.0015756489 0.0003122647 0.0006681285
1403715894.33406 -0.125388 0.082497 0.084621 0.814022 -0.029746 0.576550 0.063821 0.0000024539 0.0000002901 -0.0000005773 0.0000021881 -0.0000005049 0.0000019658 0.0006731657 -0.0000485011 0.0000311514 0.0015140707 0.0002844349 0.0006301520
1403715894.38406 -0.122576 0.099535 0.103627 0.812412 -0.027836 0.578420 0.068132 0.0000024024 0.0000003281 -0.0000005354 0.0000019696 -0.0000003862 0.0000017302 0.0003477394 -0.0000171633 0.0000248563 0.0014582598 0.0002795026 0.0003520221
1403715894.43406 -0.121777 0.117561 0.121781 0.812021 -0.027362 0.578695 0.070604 0.0000023601 0.0000003517 -0.0000004946 0.0000019660 -0.0000004038 0.0000016554 0.0003445248 -0.0000179921 0.0000223723 0.0014130351 0.0002708422 0.0003462485
1403715894.48406 -0.122468 0.148359 0.137978 0.813479 -0.028781 0.576579 0.070567 0.0000023434 0.0000003589 -0.0000004827 0.0000019493 -0.0000004165 0.0000016216 0.0003418507 -0.0000189315 0.0000206903 0.0013745680 0.0002645999 0.0003427583
1403715894.53406 -0.123187 0.168110 0.149306 0.815824 -0.031051 0.573371 0.068645 0.0000023396 0.0000003766 -0.0000004657 0.0000019211 -0.0000004494 0.0000015877 0.0003390720 -0.0000209679 0.0000190544 0.0013422090 0.0002580951 0.0003400162
1403715894.58406 -0.125554 0.196642 0.159058 0.817672 -0.032791 0.570748 0.067707 0.0000023419 0.0000003963 -0.0000004394 0.0000018909 -0.0000004959 0.0000015343 0.0003356835 -0.0000205262 0.0000175678 0.0013064329 0.0002504967 0.0003372212
1403715894.63406 -0.126348 0.222661 0.167234 0.819108 -0.034830 0.568770 0.065960 0.0000023690 0.0000003981 -0.0000004404 0.0000018561 -0.0000005281 0.0000015215 0.0003332484 -0.0000206144 0.0000165476 0.0012821578 0.0002445086 0.0003352580
1403715894.68406 -0.126872 0.247690 0.175603 0.820715 -0.037872 0.566648 0.062470 0.0000024083 0.0000003911 -0.0000004542 0.0000018237 -0.0000005504 0.0000015243 0.0003311360 -0.0000202806 0.0000159609 0.0012647775 0.0002399806 0.0003338390
1403715894.73406 -0.126275 0.272243 0.185512 0.820546 -0.040163 0.567067 0.059378 0.0000024488 0.0000003760 -0.0000004642 0.0000017985 -0.0000005604 0.0000015317 0.0003294919 -0.0000204905 0.0000155118 0.0012528870 0.0002367169 0.0003328466
1403715894.78406 -0.124833 0.293142 0.194790 0.819413 -0.042699 0.568872 0.055886 0.0000025062 0.0000003647 -0.0000004778 0.0000017732 -0.0000005692 0.0000015380 0.0003282638 -0.0000210276 0.0000151652 0.0012440310 0.0002338592 0.0003318636
1403715894.83406 -0.123033 0.313231 0.204625 0.817539 -0.044656 0.571668 0.053210 0.0000025631 0.0000003590 -0.0000004830 0.0000017527 -0.0000005727 0.0000015412 0.0003271305 -0.0000212365 0.0000149472 0.0012372499 0.0002318271 0.0003312228
1403715894.88406 -0.119876 0.335294 0.215786 0.815439 -0.045770 0.574743 0.051325 0.0000026248 0.0000003590 -0.0000004862 0.0000017428 -0.0000005721 0.0000015468 0.0003262477 -0.0000213452 0.0000148731 0.0012315876 0.0002300130 0.0003307013
1403715894.93406 -0.116854 0.359343 0.228132 0.813537 -0.046162 0.577450 0.050784 0.0000026787 0.0000003650 -0.0000004825 0.0000017338 -0.0000005777 0.0000015458 0.0003254095 -0.0000211512 0.0000149179 0.0012258624 0.0002282636 0.0003301955
1403715894.98406 -0.112896 0.380487 0.239906 0.812151 -0.046951 0.579423 0.049753 0.0000027289 0.0000003638 -0.0000004811 0.0000017249 -0.0000005748 0.0000015493 0.0003249034 -0.0000211869 0.0000149248 0.0012211047 0.0002266952 0.0003296832
1403715895.03406 -0.108393 0.406294 0.253499 0.811278 -0.047443 0.580677 0.048905 0.0000027830 0.0000003673 -0.0000004883 0.0000017154 -0.0000005759 0.0000015622 0.0003245431 -0.0000211422 0.0000150010 0.0012170675 0.0002254949 0.0003293292
1403715895.08406 -0.103392 0.428408 0.265911 0.810974 -0.047558 0.581039 0.049523 0.0000028311 0.0000003712 -0.0000004931 0.0000017217 -0.0000005752 0.0000015708 0.0003244398 -0.0000211466 0.0000151726 0.0012129795 0.0002241978 0.0003289228
1403715895.13406 -0.098775 0.454306 0.279980 0.810914 -0.048751 0.581141 0.048138 0.0000028830 0.0000003731 -0.0000005040 0.0000017179 -0.0000005740 0.0000015835 0.0003244541 -0.0000211358 0.0000154252 0.0012093040 0.0002231136 0.0003286786
1403715895.18406 -0.094020 0.480197 0.293439 0.811019 -0.049525 0.581000 0.047276 0.0000029229 0.0000003871 -0.0000005151 0.0000017117 -0.0000005821 0.0000015984 0.0003246397 -0.0000211586 0.0000157057 0.0012055932 0.0002219870 0.0003284812
1403715895.23406 -0.089316 0.504182 0.305303 0.811289 -0.050978 0.580619 0.045749 0.0000029607 0.0000003970 -0.0000005265 0.0000017110 -0.0000005864 0.0000016126 0.0003249448 -0.0000211984 0.0000160140 0.0012025298 0.0002210762 0.0003284012
1403715895.28406 -0.084680 0.528142 0.317635 0.811100 -0.051357 0.580851 0.045731 0.0000030157 0.0000004056 -0.0000005403 0.0000017168 -0.0000005877 0.0000016221 0.0003253307 -0.0000211194 0.0000163626 0.0011994418 0.0002200433 0.0003282967
1403715895.33406 -0.080138 0.553577 0.330559 0.811227 -0.051756 0.580661 0.045435 0.0000030610 0.0000004104 -0.0000005528 0.0000017259 -0.0000005885 0.0000016314 0.0003258277 -0.0000209797 0.0000167592 0.0011968265 0.0002191864 0.0003283376
1403715895.38406 -0.075362 0.578042 0.342668 0.811042 -0.051958 0.580887 0.045622 0.0000031139 0.0000004169 -0.0000005663 0.0000017373 -0.0000005884 0.0000016321 0.0003264555 -0.0000207013 0.0000171752 0.0011931686 0.0002180447 0.0003283349
1403715895.43406 -0.070222 0.600995 0.353784 0.811029 -0.052360 0.580843 0.045944 0.0000031675 0.0000004225 -0.0000005800 0.0000017509 -0.0000005925 0.0000016392 0.0003271747 -0.0000205056 0.0000175344 0.0011904819 0.0002172853 0.0003284818
1403715895.48406 -0.064798 0.623842 0.365024 0.811537 -0.053095 0.580089 0.045669 0.0000032194 0.0000004255 -0.0000005968 0.0000017552 -0.0000005907 0.0000016455 0.0003278821 -0.0000200981 0.0000179547 0.0011882330 0.0002167706 0.0003287646
1403715895.53406 -0.059243 0.648419 0.377439 0.811732 -0.053473 0.579782 0.045650 0.0000032647 0.0000004353 -0.0000006091 0.0000017628 -0.0000005920 0.0000016497 0.0003286389 -0.0000196066 0.0000183296 0.0011860372 0.0002163703 0.0003290737
1403715895.58406 -0.054974 0.672337 0.388885 0.812356 -0.054581 0.578858 0.044969 0.0000033192 0.0000004343 -0.0000006283 0.0000017612 -0.0000005838 0.0000016533 0.0003293125 -0.0000187629 0.0000187851 0.0011839048 0.0002161054 0.0003294945
1403715895.63406 -0.050838 0.698529 0.401282 0.811945 -0.054204 0.579406 0.045778 0.0000033775 0.0000004458 -0.0000006419 0.0000017702 -0.0000005847 0.0000016602 0.0003301068 -0.0000181261 0.0000191505 0.0011830503 0.0002161506 0.0003299661
1403715895.68406 -0.046232 0.724672 0.413662 0.812162 -0.054507 0.579059 0.045965 0.0000034321 0.0000004535 -0.0000006557 0.0000017786 -0.0000005854 0.0000016676 0.0003309565 -0.0000174545 0.0000194880 0.0011823003 0.0002161899 0.0003304344
1403715895.73406 -0.041868 0.752215 0.425592 0.812376 -0.055077 0.578730 0.045652 0.0000034917 0.0000004567 -0.0000006744 0.0000017866 -0.0000005841 0.0000016763 0.0003319330 -0.0000165836 0.0000198992 0.0011814940 0.0002163820 0.0003310175
1403715895.78406 -0.036902 0.779689 0.436819 0.812543 -0.055534 0.578452 0.045641 0.0000035466 0.0000004646 -0.0000006934 0.0000017961 -0.0000005871 0.0000016866 0.0003328545 -0.0000161173 0.0000201621 0.0011806815 0.0002165333 0.0003315656
1403715895.83406 -0.032118 0.805873 0.448139 0.812538 -0.055746 0.578439 0.045631 0.0000035996 0.0000004762 -0.0000007125 0.0000017951 -0.0000005874 0.0000016974 0.0003332383 -0.0000153890 0.0000202659 0.0011811236 0.0002170076 0.0003321431
1403715895.88406 -0.026817 0.834233 0.460139 0.812727 -0.055591 0.578156 0.046044 0.0000036572 0.0000004810 -0.0000007259 0.0000017991 -0.0000005805 0.0000016945 0.0003339559 -0.0000141137 0.0000206534 0.0011793803 0.0002172509 0.0003328415
1403715895.93406 -0.019287 0.861338 0.472385 0.812468 -0.056047 0.578515 0.045543 0.0000037135 0.0000004863 -0.0000007391 0.0000018071 -0.0000005805 0.0000017021 0.0003350163 -0.0000133971 0.0000209718 0.0011798183 0.0002178727 0.0003336129
1403715895.98406 -0.015459 0.886905 0.483372 0.812623 -0.057291 0.578292 0.044053 0.0000037712 0.0000004832 -0.0000007582 0.0000018076 -0.0000005760 0.0000017116 0.0003358543 -0.0000124371 0.0000213063 0.0011807458 0.0002186653 0.0003344749
1403715896.03406 -0.010078 0.918047 0.495443 0.812815 -0.058195 0.578018 0.042897 0.0000038300 0.0000004848 -0.0000007835 0.0000018153 -0.0000005792 0.0000017243 0.0003370092 -0.0000122472 0.0000215547 0.0011809152 0.0002193421 0.0003353041
1403715896.08406 -0.003899 0.942078 0.506070 0.812979 -0.060021 0.577807 0.040026 0.0000038903 0.0000004721 -0.0000008013 0.0000018124 -0.0000005724 0.0000017334 0.0003378356 -0.0000113838 0.0000218894 0.0011824569 0.0002203115 0.0003362482
1403715896.13406 0.002175 0.966689 0.516091 0.813344 -0.062518 0.577270 0.036371 0.0000039544 0.0000004611 -0.0000008270 0.0000018097 -0.0000005686 0.0000017497 0.0003388966 -0.0000105273 0.0000222549 0.0011844226 0.0002215587 0.0003373113
1403715896.18406 0.002880 0.992393 0.524337 0.812532 -0.065506 0.578338 0.032042 0.0000040216 0.0000004408 -0.0000008447 0.0000017938 -0.0000005501 0.0000017519 0.0003390780 -0.0000085727 0.0000226673 0.0011854075 0.0002227581 0.0003383837
1403715896.23406 0.005754 1.015179 0.531594 0.811696 -0.070285 0.579271 0.025592 0.0000040925 0.0000004068 -0.0000008633 0.0000017799 -0.0000005330 0.0000017594 0.0003397775 -0.0000070250 0.0000230652 0.0011875756 0.0002240887 0.0003394426
1403715896.28406 0.009850 1.038071 0.539387 0.809625 -0.075379 0.581807 0.018063 0.0000041742 0.0000003691 -0.0000008806 0.0000017652 -0.0000005160 0.0000017661 0.0003402581 -0.0000060478 0.0000233239 0.0011896527 0.0002254031 0.0003404925
1403715896.33406 0.013231 1.054167 0.545537 0.807524 -0.081389 0.584116 0.009473 0.0000042576 0.0000003197 -0.0000009017 0.0000017517 -0.0000004948 0.0000017747 0.0003411464 -0.0000049721 0.0000236525 0.0011916425 0.0002266859 0.0003415447
1403715896.38406 0.016618 1.067311 0.552029 0.806109 -0.086668 0.585384 0.001629 0.0000043308 0.0000002744 -0.0000009287 0.0000017434 -0.0000004792 0.0000017842 0.0003415523 -0.0000050689 0.0000236252 0.0011920449 0.0002271421 0.0003421494
1403715896.43406 0.019495 1.084809 0.560540 -0.804523 0.090323 -0.587002 0.003558 0.0000043993 0.0000002516 -0.0000009531 0.0000017339 -0.0000004666 0.0000017889 0.0003413362 -0.0000049770 0.0000233068 0.0011904504 0.0002267007 0.0003422157
1403715896.48406 0.022026 1.102488 0.571540 -0.803079 0.094165 -0.588314 0.009173 0.0000044698 0.0000002201 -0.0000009779 0.0000017252 -0.0000004472 0.0000017844 0.0003412066 -0.0000048494 0.0000228951 0.0011849455 0.0002246161 0.0003415238
1403715896.53406 0.024234 1.111660 0.581361 -0.801299 0.096599 -0.590278 0.012689 0.0000045316 0.0000001963 -0.0000009859 0.0000017233 -0.0000004305 0.0000017672 0.0003408136 -0.0000052763 0.0000223356 0.0011776599 0.0002214084 0.0003401659
1403715896.58406 0.023735 1.121740 0.593692 -0.799092 0.099063 -0.592762 0.016479 0.0000045823 0.0000001870 -0.0000009976 0.0000017148 -0.0000004196 0.0000017582 0.0003398343 -0.0000065647 0.0000208550 0.0011694177 0.0002168400 0.0003377235
1403715896.63406 0.021886 1.124890 0.604894 -0.796968 0.100481 -0.595313 0.018650 0.0000046502 0.0000001728 -0.0000009921 0.0000017180 -0.0000004084 0.0000017422 0.0003396655 -0.0000071056 0.0000200270 0.0011641521 0.0002135248 0.0003360413
1403715896.68406 0.015960 1.121806 0.615114 -0.795287 0.101276 -0.597372 0.020202 0.0000047146 0.0000001605 -0.0000009903 0.0000017217 -0.0000003999 0.0000017273 0.0003389411 -0.0000080410 0.0000191958 0.0011586392 0.0002102523 0.0003344001
1403715896.73406 0.009737 1.119846 0.626960 -0.794487 0.102193 -0.598200 0.022464 0.0000047785 0.0000001475 -0.0000010002 0.0000017246 -0.0000003934 0.0000017286 0.0003385357 -0.0000087615 0.0000183950 0.0011554679 0.0002076975 0.0003331056
1403715896.78406 -0.000796 1.113934 0.636815 -0.795527 0.103051 -0.596584 0.024585 0.0000048206 0.0000001380 -0.0000010246 0.0000017252 -0.0000003904 0.0000017441 0.0003377407 -0.0000094040 0.0000173697 0.0011534001 0.0002052911 0.0003316198
1403715896.83406 -0.008322 1.105041 0.648465 -0.797301 0.104419 -0.593829 0.027828 0.0000035326 0.0000000805 -0.0000007641 0.0000017240 -0.0000003711 0.0000016973 0.0003337486 -0.0000118028 0.0000180615 0.0011495976 0.0002041707 0.0003299181
1403715896.88406 -0.018061 1.088176 0.657908 -0.798715 0.106524 -0.591376 0.031307 0.0000035649 0.0000000683 -0.0000007835 0.0000017241 -0.0000003667 0.0000017131 0.0003329769 -0.0000124073 0.0000171874 0.0011493229 0.0002026910 0.0003290086
1403715896.93406 -0.028002 1.068682 0.667782 -0.799933 0.109461 -0.588885 0.036608 0.0000035927 0.0000000457 -0.0000008049 0.0000017274 -0.0000003572 0.0000017339 0.0003329169 -0.0000126804 0.0000167515 0.0011498868 0.0002017922 0.0003286029
1403715896.98406 -0.034681 1.043743 0.677496 -0.800803 0.113707 -0.586444 0.043226 0.0000036250 0.0000000136 -0.0000008269 0.0000017300 -0.0000003450 0.0000017527 0.0003328425 -0.0000126390 0.0000166505 0.0011506152 0.0002009792 0.0003283299
1403715897.03406 -0.049125 1.013975 0.687328 -0.801288 0.118000 -0.584378 0.050161 0.0000036479 -0.0000000238 -0.0000008481 0.0000017319 -0.0000003280 0.0000017696 0.0003323680 -0.0000126046 0.0000164048 0.0011519101 0.0002004996 0.0003281163
1403715897.08406 -0.061277 0.978651 0.697932 -0.801666 0.121289 -0.582728 0.055219 0.0000036858 -0.0000000512 -0.0000008662 0.0000017399 -0.0000003177 0.0000017731 0.0003323778 -0.0000126364 0.0000164524 0.0011532477 0.0002001358 0.0003279058
1403715897.13406 -0.073508 0.937428 0.709142 -0.801780 0.122619 -0.582133 0.056875 0.0000037223 -0.0000000659 -0.0000008779 0.0000017503 -0.0000003137 0.0000017672 0.0003321566 -0.0000128214 0.0000166202 0.0011547351 0.0001998405 0.0003277479
1403715897.18406 -0.089084 0.891078 0.719641 -0.801865 0.122349 -0.582175 0.055815 0.0000037661 -0.0000000682 -0.0000008854 0.0000017527 -0.0000003069 0.0000017647 0.0003312857 -0.0000123416 0.0000164059 0.0011562954 0.0001996806 0.0003276266
1403715897.23406 -0.104764 0.836725 0.731420 -0.803523 0.118989 -0.581076 0.050429 0.0000038071 -0.0000000450 -0.0000008906 0.0000017652 -0.0000003137 0.0000017530 0.0003313015 -0.0000124994 0.0000164038 0.0011579819 0.0001994393 0.0003275030
